TYPE;STATE;COUNTY;TRACT;BLOCK;SHEETS
Census Block;25;001;122.00;1000;9
Census Block;25;001;122.00;1001;9
Census Block;25;001;122.00;1002;9
Census Block;25;001;122.00;1003;9
Census Block;25;001;122.00;1004;9
Census Block;25;001;122.00;1005;9
Census Block;25;001;122.00;1006;9
Census Block;25;001;122.00;1007;9
Census Block;25;001;122.00;1008;8,9
Census Block;25;001;122.00;1009;8
Census Block;25;001;122.00;1010;8
Census Block;25;001;122.00;1011;8
Census Block;25;001;122.00;1012;8
Census Block;25;001;122.00;1013;8
Census Block;25;001;122.00;1014;8
Census Block;25;001;122.00;1015;8
Census Block;25;001;122.00;1016;8
Census Block;25;001;122.00;1017;8
Census Block;25;001;122.00;1018;9
Census Block;25;001;122.00;1019;9
Census Block;25;001;122.00;1020;9
Census Block;25;001;122.00;1021;8
Census Block;25;001;122.00;1022;8,9
Census Block;25;001;122.00;1023;8
Census Block;25;001;122.00;1024;9
Census Block;25;001;122.00;1025;9
Census Block;25;001;122.00;1026;8
Census Block;25;001;122.00;1027;9
Census Block;25;001;122.00;1028;8
Census Block;25;001;122.00;1029;8,9
Census Block;25;001;122.00;1030;9
Census Block;25;001;122.00;1031;9
Census Block;25;001;122.00;1032;9
Census Block;25;001;122.00;1033;9
Census Block;25;001;122.00;1034;9
Census Block;25;001;122.00;1035;9
Census Block;25;001;122.00;1036;9
Census Block;25;001;122.00;1037;9
Census Block;25;001;122.00;1038;9
Census Block;25;001;122.00;1039;9
Census Block;25;001;122.00;1040;9
Census Block;25;001;122.00;1041;9
Census Block;25;001;122.00;1042;9
Census Block;25;001;122.00;1043;9
Census Block;25;001;122.00;1044;9
Census Block;25;001;122.00;1045;9
Census Block;25;001;122.00;1046;9
Census Block;25;001;122.00;1047;9
Census Block;25;001;122.00;1048;9
Census Block;25;001;122.00;1049;9
Census Block;25;001;122.00;1050;9
Census Block;25;001;122.00;1051;9
Census Block;25;001;122.00;1052;9
Census Block;25;001;122.00;1053;9
Census Block;25;001;122.00;1054;9
Census Block;25;001;122.00;1055;9
Census Block;25;001;122.00;1056;8,9
Census Block;25;001;122.00;1057;8
Census Block;25;001;122.00;1058;8
Census Block;25;001;122.00;1059;9
Census Block;25;001;122.00;1060;9
Census Block;25;001;122.00;1061;9
Census Block;25;001;122.00;2000;3
Census Block;25;001;122.00;2001;3
Census Block;25;001;122.00;2002;3
Census Block;25;001;122.00;2003;3
Census Block;25;001;122.00;2004;3
Census Block;25;001;122.00;2005;2,3,7,8
Census Block;25;001;122.00;2006;3
Census Block;25;001;122.00;2007;8
Census Block;25;001;122.00;2008;8
Census Block;25;001;122.00;2009;3
Census Block;25;001;122.00;2010;3
Census Block;25;001;122.00;2011;3,8
Census Block;25;001;122.00;2012;8
Census Block;25;001;122.00;2013;3,8
Census Block;25;001;122.00;2014;3
Census Block;25;001;122.00;2015;3
Census Block;25;001;122.00;2016;3
Census Block;25;001;122.00;2017;3
Census Block;25;001;122.00;2018;3
Census Block;25;001;122.00;2019;3
Census Block;25;001;122.00;2020;3
Census Block;25;001;122.00;2021;8
Census Block;25;001;122.00;2022;3,8
Census Block;25;001;122.00;2023;3
Census Block;25;001;122.00;2024;8
Census Block;25;001;122.00;2025;8
Census Block;25;001;122.00;2026;8
Census Block;25;001;122.00;2027;8
Census Block;25;001;122.00;2028;8
Census Block;25;001;122.00;2029;8
Census Block;25;001;122.00;2030;8
Census Block;25;001;122.00;2031;8
Census Block;25;001;122.00;2032;8
Census Block;25;001;122.00;2033;8
Census Block;25;001;122.00;2034;8
Census Block;25;001;122.00;2035;7,8
Census Block;25;001;122.00;2036;7,8
Census Block;25;001;122.00;2037;8
Census Block;25;001;122.00;2038;7,8
Census Block;25;001;122.00;2039;7,8
Census Block;25;001;122.00;2040;7
Census Block;25;001;122.00;2041;8
Census Block;25;001;122.00;2042;8
Census Block;25;001;122.00;2043;8
Census Block;25;001;122.00;2044;8
Census Block;25;001;122.00;2045;8
Census Block;25;001;122.00;2046;8
Census Block;25;001;122.00;2047;8
Census Block;25;001;122.00;2048;8
Census Block;25;001;122.00;2049;2,3
Census Block;25;001;122.00;2050;8
Census Block;25;001;122.00;2051;8
Census Block;25;001;122.00;2052;8
Census Block;25;001;122.00;3001;2
Census Block;25;001;122.00;3002;2
Census Block;25;001;122.00;3003;1,2
Census Block;25;001;122.00;3004;2
Census Block;25;001;122.00;3005;2
Census Block;25;001;122.00;3006;2
Census Block;25;001;122.00;3007;2,3
Census Block;25;001;122.00;3008;1,2,3,4
Census Block;25;001;122.00;3009;1,2
Census Block;25;001;122.00;3010;2
Census Block;25;001;122.00;3011;1,2
Census Block;25;001;122.00;3012;1
Census Block;25;001;122.00;3013;1
Census Block;25;001;122.00;3014;2,3
Census Block;25;001;122.00;3015;1
Census Block;25;001;122.00;3016;2
Census Block;25;001;122.00;3017;3
Census Block;25;001;122.00;3018;2
Census Block;25;001;122.00;3019;2
Census Block;25;001;122.00;3020;2,3,7
Census Block;25;001;122.00;3021;2,7
Census Block;25;001;122.00;3022;2
Census Block;25;001;122.00;3023;2
Census Block;25;001;122.00;3024;2
Census Block;25;001;122.00;3025;2
Census Block;25;001;122.00;3026;2
Census Block;25;001;122.00;3027;2,7
Census Block;25;001;122.00;3028;2
Census Block;25;001;122.00;3029;2
Census Block;25;001;122.00;3030;2
Census Block;25;001;122.00;3031;2,3,4
Census Block;25;001;122.00;3032;4
Census Block;25;001;122.00;3033;3
Census Block;25;001;122.00;3034;3
Census Block;25;001;122.00;3035;3
Census Block;25;001;122.00;3036;3
Census Block;25;001;122.00;3037;2,3,4
Census Block;25;001;122.00;3038;4
Census Block;25;001;122.00;3039;3
Census Block;25;001;122.00;3040;4
Census Block;25;001;122.00;3042;4
Census Block;25;001;122.00;3043;4
Census Block;25;001;122.00;3044;2,3,7
Census Block;25;001;122.00;3045;2,3
Census Block;25;001;122.00;3046;2,3
Census Block;25;001;122.00;3047;2,3
Census Block;25;001;122.00;3048;7
Census Block;25;001;122.00;3049;2,7
Census Block;25;001;122.00;3050;2,7
Census Block;25;001;122.00;3051;7
Census Block;25;001;122.00;3052;7
Census Block;25;001;122.00;3053;2
Census Block;25;001;122.00;3054;2
Census Block;25;001;122.00;3055;1,2,6
Census Block;25;001;122.00;3056;2
Census Block;25;001;122.00;3057;1,2
Census Block;25;001;122.00;3058;1,2
Census Block;25;001;122.00;3059;1,2
Census Block;25;001;122.00;3060;1
Census Block;25;001;122.00;3061;1
Census Block;25;001;122.00;3062;1
Census Block;25;001;122.00;3063;1
Census Block;25;001;122.00;3064;1
Census Block;25;001;122.00;3065;1
Census Block;25;001;122.00;3066;1
Census Block;25;001;122.00;3067;1
Census Block;25;001;122.00;3068;1
Census Block;25;001;122.00;3069;1
Census Block;25;001;122.00;3070;1
Census Block;25;001;122.00;3071;1,6
Census Block;25;001;122.00;3072;1,6
Census Block;25;001;122.00;3073;1
Census Block;25;001;122.00;3074;1
Census Block;25;001;122.00;3075;1
Census Block;25;001;122.00;3076;1
Census Block;25;001;122.00;3077;2
Census Block;25;001;122.00;3078;2
Census Block;25;001;122.00;3079;1,2
Census Block;25;001;122.00;3080;2
Census Block;25;001;122.00;3081;1,6,7
Census Block;25;001;122.00;3082;6
Census Block;25;001;122.00;3083;7
Census Block;25;001;122.00;3084;1,2,6,7
Census Block;25;001;122.00;3085;2,6,7
Census Block;25;001;122.00;3086;7
Census Block;25;001;122.00;3087;7
Census Block;25;001;122.00;3088;1,6,7
Census Block;25;001;122.00;3089;1
Census Block;25;001;122.00;3090;7
Census Block;25;001;122.00;3091;7
Census Block;25;001;122.00;3092;7
Census Block;25;001;122.00;3093;7
Census Block;25;001;122.00;3094;7
Census Block;25;001;122.00;3095;7
Census Block;25;001;122.00;3096;7
Census Block;25;001;122.00;3097;7
Census Block;25;001;122.00;3098;7
Census Block;25;001;122.00;3099;7
Census Block;25;001;122.00;3100;7
Census Block;25;001;122.00;3101;7
Census Block;25;001;122.00;3102;7
Census Block;25;001;122.00;3103;2,7
Census Block;25;001;122.00;3104;7
Census Block;25;001;122.00;3105;7
Census Block;25;001;122.00;3106;7
Census Block;25;001;122.00;3107;7
Census Block;25;001;122.00;3108;7
Census Block;25;001;122.00;3109;7
Census Block;25;001;122.00;3110;7
Census Block;25;001;122.00;3111;7
Census Block;25;001;122.00;3112;7
Census Block;25;001;122.00;3113;7
Census Block;25;001;122.00;3114;7
Census Block;25;001;122.00;3115;7
Census Block;25;001;122.00;3116;7
Census Block;25;001;122.00;3117;7
Census Block;25;001;122.00;3118;7
Census Block;25;001;122.00;3119;7,8
Census Block;25;001;122.00;3120;7
Census Block;25;001;122.00;3121;7
Census Block;25;001;122.00;3122;7
Census Block;25;001;122.00;3123;7
Census Block;25;001;122.00;3124;7
Census Block;25;001;122.00;3125;7
Census Block;25;001;122.00;3126;7
Census Block;25;001;122.00;3127;7
Census Block;25;001;122.00;3128;7
Census Block;25;001;122.00;3129;7
Census Block;25;001;122.00;3130;7
Census Block;25;001;122.00;3131;7,8
Census Block;25;001;122.00;3132;7,8
Census Block;25;001;122.00;3133;7
Census Block;25;001;122.00;3134;7
Census Block;25;001;122.00;3135;7
Census Block;25;001;122.00;3136;3
Census Block;25;001;122.00;3137;4
Census Block;25;001;122.00;3138;2
Census Block;25;001;122.00;3139;2
Census Block;25;001;122.00;3140;2
Census Block;25;001;122.00;3141;2
Census Block;25;001;122.00;3142;1
Census Block;25;001;122.00;4002;3,4
Census Block;25;001;122.00;4003;3,4
Census Block;25;001;122.00;4004;4
Census Block;25;001;122.00;4005;4
Census Block;25;001;122.00;4006;4
Census Block;25;001;122.00;4007;4
Census Block;25;001;122.00;4008;3,4
Census Block;25;001;122.00;4009;4
Census Block;25;001;122.00;4010;4
Census Block;25;001;122.00;4011;4,9
Census Block;25;001;122.00;4012;4
Census Block;25;001;122.00;4013;3,4
Census Block;25;001;122.00;4014;3
Census Block;25;001;122.00;4015;3
Census Block;25;001;122.00;4016;3
Census Block;25;001;122.00;4017;3
Census Block;25;001;122.00;4018;3
Census Block;25;001;122.00;4019;3
Census Block;25;001;122.00;4020;4,9
Census Block;25;001;122.00;4021;4,9
Census Block;25;001;122.00;4022;4
Census Block;25;001;122.00;4023;4
Census Block;25;001;122.00;4024;4
Census Block;25;001;122.00;4025;4
Census Block;25;001;122.00;4026;9
Census Block;25;001;122.00;4027;4,9
Census Block;25;001;122.00;4028;4,9
Census Block;25;001;122.00;4029;4,9
Census Block;25;001;122.00;4030;3,4,8,9
Census Block;25;001;122.00;4031;8
Census Block;25;001;122.00;4032;8
Census Block;25;001;122.00;4033;4,9
Census Block;25;001;122.00;4034;4,9
Census Block;25;001;122.00;4035;8
Census Block;25;001;122.00;4036;4,9
Census Block;25;001;122.00;4037;4
Census Block;25;001;122.00;4038;4,9
Census Block;25;001;122.00;4039;9
Census Block;25;001;122.00;4040;9
Census Block;25;001;125.02;1000;14
Census Block;25;001;125.02;1001;14
Census Block;25;001;125.02;1002;14
Census Block;25;001;125.02;1003;14
Census Block;25;001;125.02;1004;14
Census Block;25;001;125.02;1005;14
Census Block;25;001;125.02;1006;14
Census Block;25;001;125.02;1007;14
Census Block;25;001;125.02;1008;14
Census Block;25;001;125.02;1009;14
Census Block;25;001;125.02;1010;14
Census Block;25;001;125.02;1011;14
Census Block;25;001;125.02;1012;14
Census Block;25;001;125.02;1013;14
Census Block;25;001;125.02;1014;14
Census Block;25;001;125.02;1015;14
Census Block;25;001;125.02;1016;14
Census Block;25;001;125.02;1017;14
Census Block;25;001;125.02;1018;14
Census Block;25;001;125.02;1019;14
Census Block;25;001;125.02;1020;14
Census Block;25;001;125.02;1021;14
Census Block;25;001;125.02;1022;14
Census Block;25;001;125.02;1023;14
Census Block;25;001;125.02;1024;14
Census Block;25;001;125.02;1025;14
Census Block;25;001;125.02;1026;14
Census Block;25;001;125.02;1027;14
Census Block;25;001;125.02;1028;14
Census Block;25;001;125.02;1029;14
Census Block;25;001;125.02;1030;14
Census Block;25;001;125.02;1031;14
Census Block;25;001;125.02;1032;14
Census Block;25;001;125.02;1033;14
Census Block;25;001;125.02;1034;13,14
Census Block;25;001;125.02;1035;13,14
Census Block;25;001;125.02;1036;13,18
Census Block;25;001;125.02;1037;13,18
Census Block;25;001;125.02;1038;13
Census Block;25;001;125.02;1039;18
Census Block;25;001;125.02;1040;18
Census Block;25;001;125.02;1041;13
Census Block;25;001;125.02;1042;13
Census Block;25;001;125.02;1043;13,18
Census Block;25;001;125.02;1044;18
Census Block;25;001;125.02;1045;13,18
Census Block;25;001;125.02;1046;13
Census Block;25;001;125.02;1047;13,18
Census Block;25;001;125.02;1048;13
Census Block;25;001;125.02;1049;13
Census Block;25;001;125.02;1050;13
Census Block;25;001;125.02;1051;13
Census Block;25;001;125.02;1052;13
Census Block;25;001;125.02;1053;13
Census Block;25;001;125.02;1054;13,18
Census Block;25;001;125.02;1055;13
Census Block;25;001;125.02;1056;13
Census Block;25;001;125.02;1057;13
Census Block;25;001;125.02;1058;13
Census Block;25;001;125.02;1059;13
Census Block;25;001;125.02;1060;13
Census Block;25;001;125.02;1061;13,18
Census Block;25;001;125.02;1062;13,18
Census Block;25;001;125.02;1063;18
Census Block;25;001;125.02;1064;18
Census Block;25;001;125.02;1065;13
Census Block;25;001;125.02;1066;13
Census Block;25;001;125.02;1067;13
Census Block;25;001;125.02;1068;13
Census Block;25;001;125.02;1069;13
Census Block;25;001;125.02;1070;13
Census Block;25;001;125.02;1071;13
Census Block;25;001;125.02;1072;13
Census Block;25;001;125.02;1073;13
Census Block;25;001;125.02;1074;13
Census Block;25;001;125.02;1075;13
Census Block;25;001;125.02;1076;13
Census Block;25;001;125.02;1077;13
Census Block;25;001;125.02;1078;13
Census Block;25;001;125.02;1079;13
Census Block;25;001;125.02;1080;13
Census Block;25;001;125.02;2000;14
Census Block;25;001;125.02;2001;14
Census Block;25;001;125.02;2002;14
Census Block;25;001;125.02;2003;14
Census Block;25;001;125.02;2004;14
Census Block;25;001;125.02;2005;14
Census Block;25;001;125.02;2006;14
Census Block;25;001;125.02;2007;14
Census Block;25;001;125.02;2008;14
Census Block;25;001;125.02;2009;14
Census Block;25;001;125.02;2010;14
Census Block;25;001;125.02;2011;14
Census Block;25;001;125.02;2012;14
Census Block;25;001;125.02;2013;14
Census Block;25;001;125.02;2014;14
Census Block;25;001;125.02;2015;14
Census Block;25;001;125.02;2016;14
Census Block;25;001;125.02;2017;14
Census Block;25;001;125.02;2018;14
Census Block;25;001;125.02;2019;14
Census Block;25;001;125.02;2020;14
Census Block;25;001;125.02;2021;14
Census Block;25;001;125.02;2022;A1
Census Block;25;001;125.02;2023;A1
Census Block;25;001;125.02;2024;A1
Census Block;25;001;125.02;2025;A1
Census Block;25;001;125.02;2026;A1
Census Block;25;001;125.02;2027;A1
Census Block;25;001;125.02;2028;A1
Census Block;25;001;125.02;2029;A1
Census Block;25;001;125.02;2030;A1
Census Block;25;001;125.02;2031;A1
Census Block;25;001;125.02;2032;A1
Census Block;25;001;125.02;2033;A1
Census Block;25;001;125.02;2034;14
Census Block;25;001;125.02;2035;14
Census Block;25;001;125.02;2036;14
Census Block;25;001;125.02;2037;A1
Census Block;25;001;125.02;2038;A1
Census Block;25;001;125.02;2039;A1
Census Block;25;001;125.02;2040;A1
Census Block;25;001;125.02;2041;A1
Census Block;25;001;125.02;2042;A1
Census Block;25;001;125.02;2043;A1
Census Block;25;001;125.02;2044;14
Census Block;25;001;125.02;2045;14
Census Block;25;001;125.02;2046;A1
Census Block;25;001;125.02;2047;A1
Census Block;25;001;125.02;2048;A1
Census Block;25;001;125.02;2049;A1
Census Block;25;001;125.02;2050;A1
Census Block;25;001;125.02;2051;A1
Census Block;25;001;125.02;2052;A1
Census Block;25;001;125.02;2053;A1
Census Block;25;001;125.02;2054;A1
Census Block;25;001;125.02;2055;A1
Census Block;25;001;125.02;2056;A1
Census Block;25;001;125.02;2057;A1
Census Block;25;001;125.02;2058;A1
Census Block;25;001;125.02;2059;A1
Census Block;25;001;125.02;2060;A1
Census Block;25;001;125.02;2061;A1
Census Block;25;001;125.02;2062;14
Census Block;25;001;125.02;2063;A1
Census Block;25;001;125.02;2064;14
Census Block;25;001;125.02;2065;A1
Census Block;25;001;125.02;3000;13
Census Block;25;001;125.02;3001;13
Census Block;25;001;125.02;3002;13
Census Block;25;001;125.02;3003;13
Census Block;25;001;125.02;3004;13
Census Block;25;001;125.02;3005;13
Census Block;25;001;125.02;3006;13
Census Block;25;001;125.02;3007;13
Census Block;25;001;125.02;3008;13
Census Block;25;001;125.02;3009;13
Census Block;25;001;125.02;3010;13
Census Block;25;001;125.02;3011;13
Census Block;25;001;125.02;3012;13
Census Block;25;001;125.02;3013;13
Census Block;25;001;125.02;3014;13
Census Block;25;001;125.02;3015;13
Census Block;25;001;125.02;3016;13
Census Block;25;001;125.02;3017;13
Census Block;25;001;125.02;3018;13
Census Block;25;001;125.02;3019;13
Census Block;25;001;125.02;3020;13
Census Block;25;001;125.02;3021;13
Census Block;25;001;125.02;3022;13
Census Block;25;001;125.02;3023;13
Census Block;25;001;125.02;3024;13
Census Block;25;001;125.02;3025;13
Census Block;25;001;125.02;3026;13
Census Block;25;001;125.02;3027;13
Census Block;25;001;125.02;3028;13
Census Block;25;001;125.02;3029;13
Census Block;25;001;125.02;3030;13
Census Block;25;001;125.02;4000;13,14
Census Block;25;001;125.02;4001;13,14
Census Block;25;001;125.02;4002;13
Census Block;25;001;125.02;4003;14
Census Block;25;001;125.02;4004;13
Census Block;25;001;125.02;4005;13
Census Block;25;001;125.02;4006;13
Census Block;25;001;125.02;4007;13
Census Block;25;001;125.02;4008;13
Census Block;25;001;125.02;4009;13
Census Block;25;001;125.02;4010;13
Census Block;25;001;125.02;4011;13,14
Census Block;25;001;125.02;4012;13
Census Block;25;001;125.02;4013;13
Census Block;25;001;125.02;4014;13,14
Census Block;25;001;125.02;4015;13,14
Census Block;25;001;125.02;4016;13,14
Census Block;25;001;125.02;4017;13
Census Block;25;001;125.02;4018;13,14
Census Block;25;001;125.02;4019;13,14
Census Block;25;001;125.02;4020;13,14
Census Block;25;001;125.02;4021;13
Census Block;25;001;125.02;4022;13
Census Block;25;001;125.02;4023;13
Census Block;25;001;125.02;4024;13
Census Block;25;001;125.02;4025;13
Census Block;25;001;125.02;4026;13
Census Block;25;001;125.02;4027;13
Census Block;25;001;125.02;4028;13
Census Block;25;001;125.02;4029;13
Census Block;25;001;126.01;1000;8
Census Block;25;001;126.01;1001;8
Census Block;25;001;126.01;1002;8,13
Census Block;25;001;126.01;1003;8
Census Block;25;001;126.01;1004;8
Census Block;25;001;126.01;1005;8
Census Block;25;001;126.01;1006;8
Census Block;25;001;126.01;1007;8
Census Block;25;001;126.01;1008;8
Census Block;25;001;126.01;1009;8
Census Block;25;001;126.01;1010;8
Census Block;25;001;126.01;1011;8,13
Census Block;25;001;126.01;1012;13
Census Block;25;001;126.01;1013;8
Census Block;25;001;126.01;1014;8,13
Census Block;25;001;126.01;1015;8
Census Block;25;001;126.01;1016;8
Census Block;25;001;126.01;1017;8,13
Census Block;25;001;126.01;1018;13
Census Block;25;001;126.01;1019;8,13
Census Block;25;001;126.01;1020;13
Census Block;25;001;126.01;1021;13
Census Block;25;001;126.01;1022;13
Census Block;25;001;126.01;1023;13
Census Block;25;001;126.01;1024;13
Census Block;25;001;126.01;1025;13
Census Block;25;001;126.01;1026;13
Census Block;25;001;126.01;1027;13
Census Block;25;001;126.01;1028;13
Census Block;25;001;126.01;1029;13
Census Block;25;001;126.01;1030;13
Census Block;25;001;126.01;1031;13
Census Block;25;001;126.01;1032;13
Census Block;25;001;126.01;1033;8
Census Block;25;001;126.01;1034;8,13
Census Block;25;001;126.01;1035;8,13
Census Block;25;001;126.01;1036;8
Census Block;25;001;126.01;1037;13
Census Block;25;001;126.01;1038;8
Census Block;25;001;126.01;1039;8
Census Block;25;001;126.01;1040;8,13
Census Block;25;001;126.01;1041;13
Census Block;25;001;126.01;1042;13
Census Block;25;001;126.01;1043;8,13
Census Block;25;001;126.01;1044;13
Census Block;25;001;126.01;1045;13
Census Block;25;001;126.01;2000;8,13
Census Block;25;001;126.01;2001;13
Census Block;25;001;126.01;2002;13
Census Block;25;001;126.01;2003;13
Census Block;25;001;126.01;2004;13
Census Block;25;001;126.01;2005;13
Census Block;25;001;126.01;2006;13
Census Block;25;001;126.01;2007;13
Census Block;25;001;126.01;2008;13
Census Block;25;001;126.01;2009;13
Census Block;25;001;126.01;2010;13
Census Block;25;001;126.01;2011;13
Census Block;25;001;126.01;2012;13
Census Block;25;001;126.01;2013;13
Census Block;25;001;126.01;2014;13
Census Block;25;001;126.01;2015;13
Census Block;25;001;126.01;2016;13
Census Block;25;001;126.01;2017;13
Census Block;25;001;126.01;2018;13
Census Block;25;001;126.01;2019;13
Census Block;25;001;126.01;2020;13
Census Block;25;001;126.01;2021;13
Census Block;25;001;126.01;2022;13
Census Block;25;001;126.01;2023;13
Census Block;25;001;126.01;2024;13
Census Block;25;001;126.01;2025;13
Census Block;25;001;126.01;2026;13
Census Block;25;001;126.01;2027;13
Census Block;25;001;126.01;2028;13
Census Block;25;001;126.01;2029;13
Census Block;25;001;126.01;2030;13
Census Block;25;001;126.01;2031;13
Census Block;25;001;126.01;2032;12,13
Census Block;25;001;126.01;2033;13
Census Block;25;001;126.01;2034;13
Census Block;25;001;126.01;2035;13
Census Block;25;001;126.02;1000;13
Census Block;25;001;126.02;1001;13
Census Block;25;001;126.02;1002;13
Census Block;25;001;126.02;1003;13
Census Block;25;001;126.02;1004;13
Census Block;25;001;126.02;1005;13
Census Block;25;001;126.02;1006;13
Census Block;25;001;126.02;1007;13
Census Block;25;001;126.02;1008;13
Census Block;25;001;126.02;1009;13
Census Block;25;001;126.02;1010;13
Census Block;25;001;126.02;1011;13
Census Block;25;001;126.02;1012;13
Census Block;25;001;126.02;1013;13
Census Block;25;001;126.02;1014;13
Census Block;25;001;126.02;1015;13
Census Block;25;001;126.02;1016;13
Census Block;25;001;126.02;1017;13
Census Block;25;001;126.02;2000;14
Census Block;25;001;126.02;2001;14
Census Block;25;001;126.02;2002;14
Census Block;25;001;126.02;2003;13,14
Census Block;25;001;126.02;2004;13
Census Block;25;001;126.02;2005;13
Census Block;25;001;126.02;2006;13
Census Block;25;001;126.02;2007;13
Census Block;25;001;126.02;2008;13
Census Block;25;001;126.02;2009;13
Census Block;25;001;126.02;2010;13
Census Block;25;001;126.02;2011;13
Census Block;25;001;126.02;2012;14
Census Block;25;001;126.02;2013;14
Census Block;25;001;126.02;2014;14
Census Block;25;001;126.02;2015;14
Census Block;25;001;126.02;2016;14
Census Block;25;001;126.02;2017;14
Census Block;25;001;126.02;2018;14
Census Block;25;001;126.02;2019;13,14
Census Block;25;001;126.02;2020;14
Census Block;25;001;126.02;2021;13,14
Census Block;25;001;126.02;2022;14
Census Block;25;001;126.02;2023;13,14
Census Block;25;001;126.02;2024;14
Census Block;25;001;126.02;2025;14
Census Block;25;001;126.02;2026;14
Census Block;25;001;126.02;2027;14
Census Block;25;001;126.02;2028;14
Census Block;25;001;126.02;2029;14
Census Block;25;001;126.02;2030;14
Census Block;25;001;126.02;2031;14
Census Block;25;001;126.02;2032;13,14
Census Block;25;001;126.02;2033;13,14
Census Block;25;001;126.02;2034;13,14
Census Block;25;001;126.02;2035;13
Census Block;25;001;126.02;2036;13
Census Block;25;001;126.02;2037;13
Census Block;25;001;126.02;2038;13
Census Block;25;001;126.02;2039;14
Census Block;25;001;126.02;2040;14
Census Block;25;001;126.02;2041;14
Census Block;25;001;126.02;2042;14
Census Block;25;001;126.02;2043;14
Census Block;25;001;126.02;2044;13,14
Census Block;25;001;126.02;2045;13,14
Census Block;25;001;126.02;2046;14
Census Block;25;001;126.02;2047;14
Census Block;25;001;126.02;2048;13
Census Block;25;001;126.02;3000;13,14
Census Block;25;001;126.02;3001;13
Census Block;25;001;126.02;3002;13
Census Block;25;001;126.02;3003;13
Census Block;25;001;126.02;3004;13
Census Block;25;001;126.02;3005;13
Census Block;25;001;126.02;3006;13
Census Block;25;001;126.02;3007;13
Census Block;25;001;126.02;3008;13
Census Block;25;001;126.02;3009;13
Census Block;25;001;126.02;3010;13
Census Block;25;001;126.02;3011;13
Census Block;25;001;126.02;3012;13
Census Block;25;001;126.02;3013;13
Census Block;25;001;126.02;3014;13
Census Block;25;001;126.02;3015;13
Census Block;25;001;126.02;3016;13
Census Block;25;001;126.02;3017;13
Census Block;25;001;126.02;3018;13
Census Block;25;001;126.02;3019;13
Census Block;25;001;126.02;3020;13
Census Block;25;001;126.02;3021;13
Census Block;25;001;126.02;4000;13
Census Block;25;001;126.02;4001;13
Census Block;25;001;126.02;4002;13
Census Block;25;001;126.02;4003;13
Census Block;25;001;126.02;4004;13
Census Block;25;001;126.02;4005;13
Census Block;25;001;126.02;4006;13
Census Block;25;001;126.02;4007;13
Census Block;25;001;126.02;4008;13
Census Block;25;001;126.02;4009;13
Census Block;25;001;126.02;4010;13
Census Block;25;001;126.02;4011;13
Census Block;25;001;126.02;4012;13
Census Block;25;001;126.02;4013;13
Census Block;25;001;126.02;4014;13
Census Block;25;001;126.02;4015;13
Census Block;25;001;126.02;4016;13
Census Block;25;001;127.00;1000;12
Census Block;25;001;127.00;1001;12
Census Block;25;001;127.00;1002;12
Census Block;25;001;127.00;1003;12
Census Block;25;001;127.00;1004;12
Census Block;25;001;127.00;1005;12
Census Block;25;001;127.00;1006;12
Census Block;25;001;127.00;1007;12
Census Block;25;001;127.00;1008;12
Census Block;25;001;127.00;1009;12
Census Block;25;001;127.00;1010;12
Census Block;25;001;127.00;1011;12
Census Block;25;001;127.00;1012;12
Census Block;25;001;127.00;1013;12
Census Block;25;001;127.00;1014;12
Census Block;25;001;127.00;1015;12
Census Block;25;001;127.00;1016;12
Census Block;25;001;127.00;1017;12
Census Block;25;001;127.00;1018;12
Census Block;25;001;127.00;1019;12
Census Block;25;001;127.00;1020;12
Census Block;25;001;127.00;1021;12
Census Block;25;001;127.00;1022;12
Census Block;25;001;127.00;1023;12
Census Block;25;001;127.00;1024;12
Census Block;25;001;127.00;1025;12
Census Block;25;001;127.00;1026;12
Census Block;25;001;127.00;1027;12
Census Block;25;001;127.00;1028;12
Census Block;25;001;127.00;1029;12
Census Block;25;001;127.00;1030;12
Census Block;25;001;127.00;1031;12
Census Block;25;001;127.00;1032;12
Census Block;25;001;127.00;1033;12
Census Block;25;001;127.00;1034;12
Census Block;25;001;127.00;1035;12
Census Block;25;001;127.00;1036;12
Census Block;25;001;127.00;1037;12
Census Block;25;001;127.00;1038;12
Census Block;25;001;127.00;1039;12
Census Block;25;001;127.00;1040;12
Census Block;25;001;127.00;1041;12
Census Block;25;001;127.00;1042;12
Census Block;25;001;127.00;1043;12
Census Block;25;001;127.00;1044;12
Census Block;25;001;127.00;1045;12
Census Block;25;001;127.00;1046;12
Census Block;25;001;127.00;1047;12
Census Block;25;001;127.00;1048;12
Census Block;25;001;127.00;1049;12
Census Block;25;001;127.00;1050;12
Census Block;25;001;127.00;1051;12
Census Block;25;001;127.00;1052;12
Census Block;25;001;127.00;2000;13
Census Block;25;001;127.00;2001;13
Census Block;25;001;127.00;2002;13
Census Block;25;001;127.00;2003;13
Census Block;25;001;127.00;2004;13
Census Block;25;001;127.00;2005;12,13
Census Block;25;001;127.00;2006;12,13
Census Block;25;001;127.00;2007;12,13
Census Block;25;001;127.00;2008;13
Census Block;25;001;127.00;2009;13
Census Block;25;001;127.00;2010;12
Census Block;25;001;127.00;2011;12
Census Block;25;001;127.00;2012;12
Census Block;25;001;127.00;2013;12
Census Block;25;001;127.00;2014;12
Census Block;25;001;127.00;2015;12
Census Block;25;001;127.00;2016;12
Census Block;25;001;127.00;2017;12
Census Block;25;001;127.00;2018;12
Census Block;25;001;127.00;2019;12
Census Block;25;001;127.00;2020;12
Census Block;25;001;127.00;2021;12
Census Block;25;001;127.00;2022;12
Census Block;25;001;127.00;2023;12
Census Block;25;001;127.00;2024;13
Census Block;25;001;127.00;2025;13
Census Block;25;001;127.00;2026;13
Census Block;25;001;127.00;2027;13
Census Block;25;001;127.00;2028;12,13
Census Block;25;001;127.00;2029;12,13
Census Block;25;001;127.00;2030;13
Census Block;25;001;127.00;2031;12
Census Block;25;001;127.00;2032;13
Census Block;25;001;127.00;2033;13
Census Block;25;001;127.00;2034;12,13
Census Block;25;001;127.00;2035;12
Census Block;25;001;127.00;2036;12
Census Block;25;001;127.00;2037;12
Census Block;25;001;127.00;2038;13
Census Block;25;001;127.00;2039;12
Census Block;25;001;127.00;2040;12
Census Block;25;001;127.00;2041;12
Census Block;25;001;127.00;2042;12
Census Block;25;001;127.00;2043;13
Census Block;25;001;127.00;2044;13
Census Block;25;001;127.00;2045;13
Census Block;25;001;127.00;2046;13
Census Block;25;001;127.00;2047;12
Census Block;25;001;127.00;3000;13
Census Block;25;001;127.00;3001;13
Census Block;25;001;127.00;3002;13
Census Block;25;001;127.00;3003;13
Census Block;25;001;127.00;3004;13
Census Block;25;001;127.00;3005;13
Census Block;25;001;127.00;3006;13
Census Block;25;001;127.00;3007;13
Census Block;25;001;127.00;3008;13
Census Block;25;001;127.00;3009;13
Census Block;25;001;127.00;3010;13
Census Block;25;001;127.00;3011;13
Census Block;25;001;127.00;3012;12,13
Census Block;25;001;127.00;3013;12,13
Census Block;25;001;127.00;3014;12,13
Census Block;25;001;127.00;3015;13
Census Block;25;001;127.00;3016;12
Census Block;25;001;127.00;3017;12,13
Census Block;25;001;127.00;3018;12
Census Block;25;001;127.00;3019;12
Census Block;25;001;127.00;3020;12
Census Block;25;001;127.00;3021;12
Census Block;25;001;127.00;3022;12
Census Block;25;001;127.00;3023;12,17
Census Block;25;001;127.00;3024;12
Census Block;25;001;127.00;3025;12
Census Block;25;001;127.00;3026;12,13
Census Block;25;001;127.00;3027;13
Census Block;25;001;127.00;3028;13
Census Block;25;001;127.00;3029;13
Census Block;25;001;127.00;3030;13
Census Block;25;001;127.00;3031;13
Census Block;25;001;127.00;3032;13
Census Block;25;001;127.00;3033;13
Census Block;25;001;127.00;3034;13
Census Block;25;001;127.00;3035;13
Census Block;25;001;127.00;3036;13
Census Block;25;001;127.00;3037;13
Census Block;25;001;127.00;3038;13
Census Block;25;001;127.00;3039;12
Census Block;25;001;127.00;3040;12
Census Block;25;001;127.00;3041;12
Census Block;25;001;127.00;3042;12,17
Census Block;25;001;127.00;3043;12,17
Census Block;25;001;127.00;3044;12,13
Census Block;25;001;127.00;3045;13
Census Block;25;001;127.00;3046;13
Census Block;25;001;127.00;3047;12,13
Census Block;25;001;127.00;3048;13
Census Block;25;001;127.00;3049;13
Census Block;25;001;127.00;3050;13
Census Block;25;001;127.00;3051;13
Census Block;25;001;127.00;3052;13
Census Block;25;001;127.00;3053;13
Census Block;25;001;127.00;3054;13
Census Block;25;001;127.00;3055;13
Census Block;25;001;127.00;3056;13
Census Block;25;001;127.00;3057;13
Census Block;25;001;127.00;3058;13
Census Block;25;001;127.00;3059;13
Census Block;25;001;127.00;3060;12,13
Census Block;25;001;127.00;3061;17
Census Block;25;001;127.00;3062;12
Census Block;25;001;127.00;3063;13
Census Block;25;001;127.00;4000;13
Census Block;25;001;127.00;4001;13
Census Block;25;001;127.00;4002;13
Census Block;25;001;127.00;4003;13
Census Block;25;001;127.00;4004;13
Census Block;25;001;127.00;4005;13
Census Block;25;001;127.00;4006;13
Census Block;25;001;127.00;4007;13
Census Block;25;001;127.00;4008;13
Census Block;25;001;127.00;4009;13
Census Block;25;001;127.00;4010;13
Census Block;25;001;127.00;4011;13
Census Block;25;001;127.00;4012;13
Census Block;25;001;127.00;4013;13
Census Block;25;001;127.00;4014;13
Census Block;25;001;127.00;4015;13
Census Block;25;001;127.00;4016;13
Census Block;25;001;127.00;4017;13
Census Block;25;001;127.00;4018;13
Census Block;25;001;127.00;4019;13
Census Block;25;001;127.00;4020;13
Census Block;25;001;127.00;4021;13
Census Block;25;001;127.00;4022;13
Census Block;25;001;127.00;4023;13
Census Block;25;001;127.00;4024;13
Census Block;25;001;127.00;4025;13
Census Block;25;001;127.00;4026;13
Census Block;25;001;127.00;4027;13
Census Block;25;001;127.00;4028;13
Census Block;25;001;127.00;4029;13
Census Block;25;001;127.00;4030;13
Census Block;25;001;127.00;4031;13
Census Block;25;001;127.00;4032;13
Census Block;25;001;127.00;4033;13
Census Block;25;001;127.00;4034;13
Census Block;25;001;127.00;4035;13
Census Block;25;001;127.00;4036;13
Census Block;25;001;127.00;4037;13
Census Block;25;001;127.00;4038;13
Census Block;25;001;127.00;4039;13
Census Block;25;001;127.00;4040;13
Census Block;25;001;127.00;4041;13
Census Block;25;001;127.00;4042;13
Census Block;25;001;127.00;4043;13
Census Block;25;001;127.00;4044;13
Census Block;25;001;127.00;4045;13
Census Block;25;001;127.00;4046;13
Census Block;25;001;127.00;4047;13
Census Block;25;001;127.00;4048;13
Census Block;25;001;127.00;4049;13
Census Block;25;001;127.00;4050;13
Census Block;25;001;127.00;4051;13
Census Block;25;001;127.00;4052;13
Census Block;25;001;127.00;4053;13
Census Block;25;001;127.00;4054;13
Census Block;25;001;127.00;4055;13
Census Block;25;001;127.00;4056;13
Census Block;25;001;127.00;4057;13
Census Block;25;001;127.00;4058;13
Census Block;25;001;127.00;4059;13
Census Block;25;001;127.00;4060;13,18
Census Block;25;001;127.00;4061;13,18
Census Block;25;001;127.00;4062;13
Census Block;25;001;127.00;4063;13
Census Block;25;001;127.00;4064;13
Census Block;25;001;127.00;4065;13
Census Block;25;001;127.00;4066;13,18
Census Block;25;001;127.00;4067;13
Census Block;25;001;127.00;4068;13
Census Block;25;001;127.00;4069;13
Census Block;25;001;127.00;4070;13
Census Block;25;001;127.00;4071;13
Census Block;25;001;127.00;4072;13
Census Block;25;001;127.00;4073;13
Census Block;25;001;127.00;4074;13
Census Block;25;001;127.00;4075;13
Census Block;25;001;128.00;1000;7,12
Census Block;25;001;128.00;1001;7
Census Block;25;001;128.00;1002;7
Census Block;25;001;128.00;1003;7
Census Block;25;001;128.00;1004;7,8,12,13
Census Block;25;001;128.00;1005;7,8
Census Block;25;001;128.00;1006;12
Census Block;25;001;128.00;1007;12
Census Block;25;001;128.00;1008;12
Census Block;25;001;128.00;1009;12
Census Block;25;001;128.00;1010;12
Census Block;25;001;128.00;1011;12
Census Block;25;001;128.00;1012;12
Census Block;25;001;128.00;1013;12
Census Block;25;001;128.00;1014;7,12
Census Block;25;001;128.00;1015;7,12
Census Block;25;001;128.00;1016;12
Census Block;25;001;128.00;1017;12
Census Block;25;001;128.00;1018;12
Census Block;25;001;128.00;1019;12
Census Block;25;001;128.00;1020;12
Census Block;25;001;128.00;1021;12,13
Census Block;25;001;128.00;1022;13
Census Block;25;001;128.00;1023;13
Census Block;25;001;128.00;1024;13
Census Block;25;001;128.00;1025;12,13
Census Block;25;001;128.00;1026;12,13
Census Block;25;001;128.00;1027;12,13
Census Block;25;001;128.00;1028;12,13
Census Block;25;001;128.00;1029;12,13
Census Block;25;001;128.00;1030;12
Census Block;25;001;128.00;1031;12
Census Block;25;001;128.00;1032;12
Census Block;25;001;128.00;1033;12
Census Block;25;001;128.00;1034;12
Census Block;25;001;128.00;1035;12
Census Block;25;001;128.00;1036;12
Census Block;25;001;128.00;1037;12
Census Block;25;001;128.00;1038;12
Census Block;25;001;128.00;1039;12
Census Block;25;001;128.00;1040;12
Census Block;25;001;128.00;1041;12
Census Block;25;001;128.00;1042;12
Census Block;25;001;128.00;1043;12
Census Block;25;001;128.00;1044;12
Census Block;25;001;128.00;1045;12
Census Block;25;001;128.00;1046;12
Census Block;25;001;128.00;1047;12
Census Block;25;001;128.00;1048;12
Census Block;25;001;128.00;1049;12
Census Block;25;001;128.00;1050;12
Census Block;25;001;128.00;2000;7,8
Census Block;25;001;128.00;2001;7,8
Census Block;25;001;128.00;2002;8
Census Block;25;001;128.00;2003;8
Census Block;25;001;128.00;2004;7
Census Block;25;001;128.00;2005;7
Census Block;25;001;128.00;2006;7,8,13
Census Block;25;001;128.00;2007;8
Census Block;25;001;128.00;2008;8
Census Block;25;001;128.00;2009;7
Census Block;25;001;128.00;2010;8
Census Block;25;001;128.00;2011;8
Census Block;25;001;128.00;2012;8
Census Block;25;001;128.00;2013;8
Census Block;25;001;128.00;2014;8
Census Block;25;001;128.00;2015;8
Census Block;25;001;128.00;2016;8
Census Block;25;001;128.00;2017;8
Census Block;25;001;128.00;2018;8
Census Block;25;001;128.00;2019;8
Census Block;25;001;128.00;2020;8
Census Block;25;001;128.00;2021;8
Census Block;25;001;128.00;2022;8
Census Block;25;001;128.00;2023;8,13
Census Block;25;001;128.00;2024;8
Census Block;25;001;128.00;2025;8,13
Census Block;25;001;128.00;2026;13
Census Block;25;001;128.00;2027;13
Census Block;25;001;128.00;2028;13
Census Block;25;001;128.00;2029;13
Census Block;25;001;128.00;2030;8,13
Census Block;25;001;128.00;2031;13
Census Block;25;001;128.00;2032;8,13
Census Block;25;001;128.00;2033;7,8,13
Census Block;25;001;128.00;2034;8
Census Block;25;001;128.00;2035;8
Census Block;25;001;128.00;2036;8
Census Block;25;001;128.00;2037;8
Census Block;25;001;128.00;2038;8
Census Block;25;001;128.00;2039;8
Census Block;25;001;128.00;2040;8
Census Block;25;001;128.00;3000;7,8
Census Block;25;001;128.00;3001;8
Census Block;25;001;128.00;3002;7,8
Census Block;25;001;128.00;3003;7,8
Census Block;25;001;128.00;3004;7
Census Block;25;001;128.00;3005;7
Census Block;25;001;128.00;3006;7
Census Block;25;001;128.00;3007;7
Census Block;25;001;128.00;3008;7
Census Block;25;001;128.00;3009;7
Census Block;25;001;128.00;3010;7
Census Block;25;001;128.00;3011;7
Census Block;25;001;128.00;3012;7
Census Block;25;001;128.00;3013;7
Census Block;25;001;128.00;3014;7
Census Block;25;001;128.00;3015;7
Census Block;25;001;128.00;3016;7
Census Block;25;001;128.00;3017;7
Census Block;25;001;128.00;3018;7
Census Block;25;001;128.00;3019;7
Census Block;25;001;128.00;3020;7
Census Block;25;001;128.00;3021;7
Census Block;25;001;128.00;3022;7
Census Block;25;001;128.00;3023;7
Census Block;25;001;128.00;3024;7
Census Block;25;001;128.00;3025;7
Census Block;25;001;128.00;3026;7
Census Block;25;001;128.00;3027;7
Census Block;25;001;128.00;3028;7
Census Block;25;001;128.00;3029;7
Census Block;25;001;128.00;3030;7
Census Block;25;001;128.00;3031;7
Census Block;25;001;128.00;3032;7
Census Block;25;001;128.00;3033;7
Census Block;25;001;128.00;3034;7
Census Block;25;001;128.00;3035;7,12
Census Block;25;001;128.00;3036;7
Census Block;25;001;128.00;3037;7
Census Block;25;001;128.00;3038;7
Census Block;25;001;128.00;3039;7
Census Block;25;001;128.00;3040;7
Census Block;25;001;128.00;3041;7
Census Block;25;001;128.00;3042;7
Census Block;25;001;128.00;3043;7
Census Block;25;001;128.00;3044;7
Census Block;25;001;128.00;3045;7
Census Block;25;001;129.00;1000;7,12
Census Block;25;001;129.00;1001;7
Census Block;25;001;129.00;1002;7,12
Census Block;25;001;129.00;1003;12
Census Block;25;001;129.00;1004;12
Census Block;25;001;129.00;1005;12
Census Block;25;001;129.00;1006;11,12
Census Block;25;001;129.00;1007;12
Census Block;25;001;129.00;1008;11,12
Census Block;25;001;129.00;1009;12
Census Block;25;001;129.00;1010;11,12
Census Block;25;001;129.00;1011;11
Census Block;25;001;129.00;1012;11,12
Census Block;25;001;129.00;1013;11,12
Census Block;25;001;129.00;1014;12
Census Block;25;001;129.00;1015;12
Census Block;25;001;129.00;1016;12
Census Block;25;001;129.00;1017;12
Census Block;25;001;129.00;1018;12
Census Block;25;001;129.00;1019;12
Census Block;25;001;129.00;1020;12
Census Block;25;001;129.00;1021;12
Census Block;25;001;129.00;1022;12
Census Block;25;001;129.00;1023;11,12
Census Block;25;001;129.00;2000;7,12
Census Block;25;001;129.00;2001;7,12
Census Block;25;001;129.00;2002;12
Census Block;25;001;129.00;2003;12
Census Block;25;001;129.00;2004;7,12
Census Block;25;001;129.00;2005;12
Census Block;25;001;129.00;2006;12
Census Block;25;001;129.00;2007;12
Census Block;25;001;129.00;2008;12
Census Block;25;001;129.00;2009;12
Census Block;25;001;129.00;2010;12
Census Block;25;001;129.00;2011;12
Census Block;25;001;129.00;2012;12
Census Block;25;001;129.00;2013;12
Census Block;25;001;129.00;2014;12
Census Block;25;001;129.00;2015;12
Census Block;25;001;129.00;2016;12
Census Block;25;001;129.00;2017;12
Census Block;25;001;129.00;2018;12
Census Block;25;001;129.00;2019;12
Census Block;25;001;129.00;2020;12
Census Block;25;001;129.00;2021;12
Census Block;25;001;129.00;2022;12
Census Block;25;001;129.00;2023;12
Census Block;25;001;129.00;2024;12
Census Block;25;001;129.00;2025;12
Census Block;25;001;129.00;2026;12
Census Block;25;001;129.00;2027;12
Census Block;25;001;129.00;2028;12
Census Block;25;001;129.00;2029;12
Census Block;25;001;129.00;2030;12
Census Block;25;001;129.00;2031;12
Census Block;25;001;129.00;2032;12
Census Block;25;001;129.00;2033;12
Census Block;25;001;129.00;2034;12
Census Block;25;001;129.00;2035;12
Census Block;25;001;129.00;2036;12
Census Block;25;001;129.00;2037;12
Census Block;25;001;129.00;3000;7
Census Block;25;001;129.00;3001;7
Census Block;25;001;129.00;3002;7
Census Block;25;001;129.00;3003;7
Census Block;25;001;129.00;3004;7
Census Block;25;001;129.00;3005;7
Census Block;25;001;129.00;3006;7
Census Block;25;001;129.00;3007;7
Census Block;25;001;129.00;3008;7,12
Census Block;25;001;129.00;3009;7,12
Census Block;25;001;129.00;3010;7,12
Census Block;25;001;129.00;3011;12
Census Block;25;001;129.00;3012;7,12
Census Block;25;001;129.00;3013;7
Census Block;25;001;129.00;3014;7,12
Census Block;25;001;129.00;3015;7,12
Census Block;25;001;129.00;3016;12
Census Block;25;001;129.00;3017;7
Census Block;25;001;129.00;3018;7
Census Block;25;001;129.00;3019;12
Census Block;25;001;129.00;3020;7,12
Census Block;25;001;129.00;3021;7,12
Census Block;25;001;129.00;3022;12
Census Block;25;001;129.00;3023;7,12
Census Block;25;001;129.00;3024;7,12
Census Block;25;001;129.00;3025;12
Census Block;25;001;129.00;3026;12
Census Block;25;001;129.00;3027;7,12
Census Block;25;001;129.00;3028;12
Census Block;25;001;129.00;3029;12
Census Block;25;001;129.00;3030;12
Census Block;25;001;129.00;3031;12
Census Block;25;001;129.00;3032;12
Census Block;25;001;129.00;3033;12
Census Block;25;001;129.00;3034;12
Census Block;25;001;129.00;3035;12
Census Block;25;001;129.00;3036;12
Census Block;25;001;129.00;3037;12
Census Block;25;001;129.00;3038;12
Census Block;25;001;129.00;3039;12
Census Block;25;001;130.02;1000;11
Census Block;25;001;130.02;1001;11
Census Block;25;001;130.02;1002;11
Census Block;25;001;130.02;1003;11
Census Block;25;001;130.02;1004;11
Census Block;25;001;130.02;1005;11,16
Census Block;25;001;130.02;1006;11
Census Block;25;001;130.02;1007;11,16
Census Block;25;001;130.02;1008;11
Census Block;25;001;130.02;1009;11
Census Block;25;001;130.02;1010;16
Census Block;25;001;130.02;1011;16
Census Block;25;001;130.02;1012;16
Census Block;25;001;130.02;1013;16
Census Block;25;001;130.02;1014;16
Census Block;25;001;130.02;1015;16
Census Block;25;001;130.02;1016;16
Census Block;25;001;130.02;1017;16
Census Block;25;001;130.02;1018;16
Census Block;25;001;130.02;1019;16
Census Block;25;001;130.02;1020;16
Census Block;25;001;130.02;1021;16
Census Block;25;001;130.02;1022;16
Census Block;25;001;130.02;1023;16
Census Block;25;001;130.02;1024;16
Census Block;25;001;130.02;1025;16
Census Block;25;001;130.02;1026;16
Census Block;25;001;130.02;1027;16
Census Block;25;001;130.02;1028;16
Census Block;25;001;130.02;1029;16
Census Block;25;001;130.02;1030;16
Census Block;25;001;130.02;1031;16
Census Block;25;001;130.02;1032;16
Census Block;25;001;130.02;1033;16
Census Block;25;001;130.02;1035;16
Census Block;25;001;130.02;1036;16
Census Block;25;001;130.02;1037;16
Census Block;25;001;130.02;1038;16
Census Block;25;001;130.02;1039;11,16,17
Census Block;25;001;130.02;1040;16
Census Block;25;001;130.02;1041;11
Census Block;25;001;130.02;1042;11
Census Block;25;001;130.02;1043;11
Census Block;25;001;130.02;1044;11
Census Block;25;001;130.02;1045;16
Census Block;25;001;130.02;1046;16
Census Block;25;001;130.02;1047;16
Census Block;25;001;130.02;1048;16,17
Census Block;25;001;130.02;1049;16,17
Census Block;25;001;130.02;1050;16
Census Block;25;001;130.02;1051;16
Census Block;25;001;130.02;1052;16
Census Block;25;001;130.02;1053;16,17
Census Block;25;001;130.02;1054;16,17
Census Block;25;001;130.02;1055;17
Census Block;25;001;130.02;1056;16,17
Census Block;25;001;130.02;1057;16
Census Block;25;001;130.02;2000;12,17
Census Block;25;001;130.02;2001;17
Census Block;25;001;130.02;2002;12,17
Census Block;25;001;130.02;2003;17
Census Block;25;001;130.02;2004;17
Census Block;25;001;130.02;2005;17
Census Block;25;001;130.02;2006;17
Census Block;25;001;130.02;2007;17
Census Block;25;001;130.02;2008;17
Census Block;25;001;130.02;2009;17
Census Block;25;001;130.02;2010;17
Census Block;25;001;130.02;2011;17
Census Block;25;001;130.02;2012;17
Census Block;25;001;130.02;2013;17
Census Block;25;001;130.02;2014;17
Census Block;25;001;130.02;2015;16,17
Census Block;25;001;130.02;2016;17
Census Block;25;001;130.02;2017;17
Census Block;25;001;130.02;2018;17
Census Block;25;001;130.02;2019;17
Census Block;25;001;130.02;2020;17
Census Block;25;001;130.02;2021;16,17
Census Block;25;001;130.02;2022;17
Census Block;25;001;130.02;2023;17
Census Block;25;001;130.02;2024;17
Census Block;25;001;130.02;2025;17
Census Block;25;001;130.02;2026;17
Census Block;25;001;130.02;2027;17
Census Block;25;001;130.02;2028;17
Census Block;25;001;130.02;2029;17
Census Block;25;001;130.02;2030;17
Census Block;25;001;130.02;2031;17
Census Block;25;001;130.02;2032;17
Census Block;25;001;130.02;2033;17
Census Block;25;001;130.02;2034;17
Census Block;25;001;130.02;2035;17
Census Block;25;001;130.02;2036;17
Census Block;25;001;130.02;2037;17
Census Block;25;001;130.02;2038;17
Census Block;25;001;130.02;2039;17
Census Block;25;001;130.02;2040;17
Census Block;25;001;130.02;2041;17
Census Block;25;001;130.02;2042;17
Census Block;25;001;130.02;2043;17
Census Block;25;001;130.02;2044;17
Census Block;25;001;130.02;3000;12
Census Block;25;001;130.02;3001;12
Census Block;25;001;130.02;3002;12
Census Block;25;001;130.02;3003;12
Census Block;25;001;130.02;3004;12
Census Block;25;001;130.02;3005;12
Census Block;25;001;130.02;3006;12,17
Census Block;25;001;130.02;3007;12
Census Block;25;001;130.02;3008;12
Census Block;25;001;130.02;3009;12,17
Census Block;25;001;130.02;3010;12,17
Census Block;25;001;130.02;3011;12
Census Block;25;001;130.02;3012;17
Census Block;25;001;130.02;3013;12
Census Block;25;001;130.02;3014;12,17
Census Block;25;001;130.02;3015;12,17
Census Block;25;001;130.02;3016;17
Census Block;25;001;130.02;3017;12
Census Block;25;001;130.02;3018;12,17
Census Block;25;001;130.02;3019;12
Census Block;25;001;130.02;3020;12
Census Block;25;001;130.02;3021;12
Census Block;25;001;130.02;3022;12
Census Block;25;001;130.02;3023;12,17
Census Block;25;001;130.02;3024;12,17
Census Block;25;001;130.02;3025;17
Census Block;25;001;130.02;3026;12
Census Block;25;001;130.02;3027;12,17
Census Block;25;001;130.02;3028;12
Census Block;25;001;130.02;3029;12
Census Block;25;001;130.02;3030;12
Census Block;25;001;130.02;3031;12
Census Block;25;001;130.02;3032;12
Census Block;25;001;130.02;3033;12
Census Block;25;001;130.02;3034;12
Census Block;25;001;130.02;3035;17
Census Block;25;001;130.02;3036;12,17
Census Block;25;001;130.02;3037;17
Census Block;25;001;130.02;3038;17
Census Block;25;001;130.02;3039;17
Census Block;25;001;130.02;3040;17
Census Block;25;001;130.02;3041;12,17
Census Block;25;001;130.02;3042;11,12,16,17
Census Block;25;001;130.02;3043;12,17
Census Block;25;001;130.02;3044;17
Census Block;25;001;130.02;3045;12,17
Census Block;25;001;130.02;3046;17
Census Block;25;001;130.02;3047;17
Census Block;25;001;130.02;3048;17
Census Block;25;001;130.02;3049;17
Census Block;25;001;130.02;3050;17
Census Block;25;001;130.02;3051;17
Census Block;25;001;130.02;4000;12
Census Block;25;001;130.02;4001;12
Census Block;25;001;130.02;4002;12
Census Block;25;001;130.02;4003;12
Census Block;25;001;130.02;4004;12
Census Block;25;001;130.02;4005;12
Census Block;25;001;130.02;4006;12
Census Block;25;001;130.02;4007;12
Census Block;25;001;130.02;4008;12
Census Block;25;001;130.02;4009;11,12
Census Block;25;001;130.02;4010;12
Census Block;25;001;130.02;4011;12
Census Block;25;001;130.02;4012;11,12
Census Block;25;001;130.02;4013;12
Census Block;25;001;130.02;4014;12
Census Block;25;001;130.02;4015;11,12
Census Block;25;001;130.02;4016;11,12
Census Block;25;001;130.02;4017;11
Census Block;25;001;130.02;4018;11
Census Block;25;001;130.02;4019;11
Census Block;25;001;130.02;4020;11
Census Block;25;001;130.02;4021;11
Census Block;25;001;130.02;4022;11
Census Block;25;001;130.02;4023;11
Census Block;25;001;130.02;4024;11
Census Block;25;001;130.02;4025;11
Census Block;25;001;130.02;4026;11,12
Census Block;25;001;130.02;4027;12
Census Block;25;001;130.02;4028;11
Census Block;25;001;130.02;4029;11,12
Census Block;25;001;130.02;4030;11
Census Block;25;001;130.02;4031;11
Census Block;25;001;130.02;4032;12
Census Block;25;001;130.02;4033;12
Census Block;25;001;130.02;4034;12
Census Block;25;001;130.02;4035;11,12
Census Block;25;001;130.02;4036;11
Census Block;25;001;130.02;4037;12
Census Block;25;001;130.02;4038;12
Census Block;25;001;130.02;4039;11
Census Block;25;001;131.00;1000;6,11
Census Block;25;001;131.00;1001;11
Census Block;25;001;131.00;1002;11
Census Block;25;001;131.00;1003;11
Census Block;25;001;131.00;1004;11
Census Block;25;001;131.00;1005;11
Census Block;25;001;131.00;1006;11
Census Block;25;001;131.00;1007;11
Census Block;25;001;131.00;1008;11
Census Block;25;001;131.00;1009;6
Census Block;25;001;131.00;1010;11
Census Block;25;001;131.00;1011;11
Census Block;25;001;131.00;1012;6,11
Census Block;25;001;131.00;1013;6,11
Census Block;25;001;131.00;1014;11
Census Block;25;001;131.00;1015;11
Census Block;25;001;131.00;1016;6
Census Block;25;001;131.00;1017;11
Census Block;25;001;131.00;1018;11
Census Block;25;001;131.00;1019;6,11
Census Block;25;001;131.00;1020;6
Census Block;25;001;131.00;1021;6
Census Block;25;001;131.00;1022;6
Census Block;25;001;131.00;1023;6
Census Block;25;001;131.00;1024;6
Census Block;25;001;131.00;1025;6
Census Block;25;001;131.00;1026;6
Census Block;25;001;131.00;1027;6
Census Block;25;001;131.00;1028;11
Census Block;25;001;131.00;1029;11
Census Block;25;001;131.00;1030;11
Census Block;25;001;131.00;1031;6,11
Census Block;25;001;131.00;1032;6
Census Block;25;001;131.00;1033;5,6,10,11
Census Block;25;001;131.00;1034;5,10
Census Block;25;001;131.00;1035;10,11
Census Block;25;001;131.00;1036;6
Census Block;25;001;131.00;1037;11
Census Block;25;001;131.00;1038;6
Census Block;25;001;131.00;2000;7
Census Block;25;001;131.00;2001;7
Census Block;25;001;131.00;2002;7,12
Census Block;25;001;131.00;2003;7
Census Block;25;001;131.00;2004;7
Census Block;25;001;131.00;2005;7
Census Block;25;001;131.00;2006;7
Census Block;25;001;131.00;2007;6,7,11,12
Census Block;25;001;131.00;2008;6
Census Block;25;001;131.00;2009;6
Census Block;25;001;131.00;2010;6
Census Block;25;001;131.00;2011;6
Census Block;25;001;131.00;2012;6,11
Census Block;25;001;131.00;2013;6
Census Block;25;001;131.00;2014;6,11
Census Block;25;001;131.00;2015;6
Census Block;25;001;131.00;2016;6
Census Block;25;001;131.00;2017;6
Census Block;25;001;131.00;2018;6
Census Block;25;001;131.00;2019;6
Census Block;25;001;131.00;2020;6
Census Block;25;001;131.00;2021;6
Census Block;25;001;131.00;2022;6
Census Block;25;001;131.00;2023;6
Census Block;25;001;131.00;2024;6
Census Block;25;001;131.00;2025;6
Census Block;25;001;131.00;2026;6
Census Block;25;001;131.00;2027;6
Census Block;25;001;131.00;2028;6
Census Block;25;001;131.00;2029;6
Census Block;25;001;131.00;2030;6,11
Census Block;25;001;131.00;2031;6
Census Block;25;001;131.00;2032;6,11
Census Block;25;001;131.00;2033;11
Census Block;25;001;131.00;2034;11
Census Block;25;001;131.00;2035;11
Census Block;25;001;131.00;2036;6
Census Block;25;001;131.00;2037;6
Census Block;25;001;131.00;2038;11
Census Block;25;001;131.00;2039;11,12
Census Block;25;001;131.00;2040;11
Census Block;25;001;131.00;2041;11,12
Census Block;25;001;131.00;2042;11
Census Block;25;001;131.00;2043;11
Census Block;25;001;131.00;2044;11
Census Block;25;001;131.00;2045;11
Census Block;25;001;131.00;2046;11
Census Block;25;001;131.00;2047;11
Census Block;25;001;131.00;2048;11
Census Block;25;001;131.00;2049;11
Census Block;25;001;131.00;2050;11
Census Block;25;001;131.00;2051;11
Census Block;25;001;131.00;2052;11
Census Block;25;001;131.00;2053;11
Census Block;25;001;131.00;2054;11
Census Block;25;001;131.00;2055;11
Census Block;25;001;131.00;2056;11
Census Block;25;001;131.00;2057;11
Census Block;25;001;131.00;2058;11
Census Block;25;001;131.00;2059;11
Census Block;25;001;131.00;2060;6,11
Census Block;25;001;131.00;2061;6
Census Block;25;001;131.00;3000;1
Census Block;25;001;131.00;3001;1
Census Block;25;001;131.00;3002;1,6
Census Block;25;001;131.00;3003;6
Census Block;25;001;131.00;3004;1,6
Census Block;25;001;131.00;3005;1,6,7
Census Block;25;001;131.00;3006;7
Census Block;25;001;131.00;3007;6
Census Block;25;001;131.00;3008;6
Census Block;25;001;131.00;3009;5,6
Census Block;25;001;131.00;3010;6
Census Block;25;001;131.00;3011;6
Census Block;25;001;131.00;3012;6
Census Block;25;001;131.00;3013;6
Census Block;25;001;131.00;3014;6,7
Census Block;25;001;131.00;3015;6,7
Census Block;25;001;131.00;3016;7
Census Block;25;001;131.00;3017;6
Census Block;25;001;131.00;3018;6
Census Block;25;001;131.00;3019;6
Census Block;25;001;131.00;3020;6
Census Block;25;001;131.00;3021;7
Census Block;25;001;131.00;3022;7
Census Block;25;001;131.00;3023;7
Census Block;25;001;131.00;3024;6,7
Census Block;25;001;131.00;3025;7
Census Block;25;001;131.00;3026;6,7
Census Block;25;001;131.00;3027;7
Census Block;25;001;131.00;3028;7
Census Block;25;001;131.00;3029;7
Census Block;25;001;131.00;3030;7
Census Block;25;001;131.00;3031;7
Census Block;25;001;131.00;3032;7
Census Block;25;001;131.00;3033;7
Census Block;25;001;131.00;3034;6,7
Census Block;25;001;131.00;3035;6,7
Census Block;25;001;131.00;3036;7
Census Block;25;001;131.00;3037;7
Census Block;25;001;131.00;4000;6
Census Block;25;001;131.00;4001;5,6
Census Block;25;001;131.00;4002;6
Census Block;25;001;131.00;4003;6
Census Block;25;001;131.00;4004;5,6
Census Block;25;001;131.00;4005;5,6
Census Block;25;001;131.00;4006;5,6
Census Block;25;001;131.00;4007;6
Census Block;25;001;131.00;4008;6
Census Block;25;001;131.00;4009;6
Census Block;25;001;131.00;4010;6
Census Block;25;001;131.00;4011;6
Census Block;25;001;131.00;4012;6
Census Block;25;001;131.00;4013;5,6
Census Block;25;001;131.00;4014;6
Census Block;25;001;131.00;4015;5,6
Census Block;25;001;131.00;4016;6
Census Block;25;001;131.00;4017;6
Census Block;25;001;131.00;4018;6
Census Block;25;001;131.00;4019;5
Census Block;25;001;131.00;4020;5
Census Block;25;001;131.00;4021;5
Census Block;25;001;131.00;4022;5
Census Block;25;001;131.00;4023;5
Census Block;25;001;131.00;4024;5
Census Block;25;001;131.00;4025;5
Census Block;25;001;131.00;4026;5,6
Census Block;25;001;131.00;4027;5
Census Block;25;001;131.00;4028;5
Census Block;25;001;131.00;4029;5
Census Block;25;001;131.00;4030;5
Census Block;25;001;131.00;4031;5
Census Block;25;001;131.00;4032;5,10
Census Block;25;001;131.00;4033;10
Census Block;25;001;131.00;4034;5,10
Census Block;25;001;131.00;4035;10
Census Block;25;001;131.00;4036;5,10
Census Block;25;001;131.00;4037;5
Census Block;25;001;131.00;4038;5
Census Block;25;001;131.00;4039;5,10
Census Block;25;001;131.00;4040;5
Census Block;25;001;131.00;4041;5,10
Census Block;25;001;131.00;4042;5
Census Block;25;001;131.00;4043;5,10
Census Block;25;001;131.00;4044;5,10
Census Block;25;001;132.00;1000;15
Census Block;25;001;132.00;1001;15
Census Block;25;001;132.00;1002;15
Census Block;25;001;132.00;1003;15
Census Block;25;001;132.00;1004;15
Census Block;25;001;132.00;1005;15
Census Block;25;001;132.00;1006;15
Census Block;25;001;132.00;1007;15
Census Block;25;001;132.00;1008;15
Census Block;25;001;132.00;1009;15,16
Census Block;25;001;132.00;1010;15,16
Census Block;25;001;132.00;1011;16
Census Block;25;001;132.00;1012;15
Census Block;25;001;132.00;1013;15
Census Block;25;001;132.00;1014;15
Census Block;25;001;132.00;1015;15,16
Census Block;25;001;132.00;1016;15
Census Block;25;001;132.00;1017;15
Census Block;25;001;132.00;1018;15,16
Census Block;25;001;132.00;1019;15,16
Census Block;25;001;132.00;1020;15,16,19
Census Block;25;001;132.00;1021;15,16
Census Block;25;001;132.00;1022;15
Census Block;25;001;132.00;1023;19
Census Block;25;001;132.00;1024;15
Census Block;25;001;132.00;1026;16
Census Block;25;001;132.00;1027;15,16
Census Block;25;001;132.00;1028;15
Census Block;25;001;132.00;1029;15,16
Census Block;25;001;132.00;1030;15,16
Census Block;25;001;132.00;1031;15
Census Block;25;001;132.00;1032;19
Census Block;25;001;132.00;1033;19
Census Block;25;001;132.00;1034;15,16
Census Block;25;001;132.00;1035;15,19
Census Block;25;001;132.00;1036;16
Census Block;25;001;132.00;1038;15,19
Census Block;25;001;132.00;1039;19
Census Block;25;001;132.00;1040;19
Census Block;25;001;132.00;1041;19
Census Block;25;001;132.00;1042;15,19
Census Block;25;001;132.00;1043;15
Census Block;25;001;132.00;1044;15
Census Block;25;001;132.00;1045;15
Census Block;25;001;132.00;1046;15
Census Block;25;001;132.00;1047;15
Census Block;25;001;132.00;1048;15
Census Block;25;001;132.00;1049;15
Census Block;25;001;132.00;1050;15
Census Block;25;001;132.00;1051;15
Census Block;25;001;132.00;1052;15
Census Block;25;001;132.00;1053;15
Census Block;25;001;132.00;1054;15
Census Block;25;001;132.00;1055;15
Census Block;25;001;132.00;1056;15
Census Block;25;001;132.00;1057;15
Census Block;25;001;132.00;1058;15
Census Block;25;001;132.00;1059;15
Census Block;25;001;132.00;1060;15
Census Block;25;001;132.00;1061;15
Census Block;25;001;132.00;1062;15
Census Block;25;001;132.00;1063;15
Census Block;25;001;132.00;1064;15
Census Block;25;001;132.00;1065;15
Census Block;25;001;132.00;1066;15
Census Block;25;001;132.00;1067;15
Census Block;25;001;132.00;1068;15
Census Block;25;001;132.00;1069;15
Census Block;25;001;132.00;1070;15
Census Block;25;001;132.00;1071;15
Census Block;25;001;132.00;1072;15
Census Block;25;001;132.00;1073;15
Census Block;25;001;132.00;1074;19
Census Block;25;001;132.00;1075;15
Census Block;25;001;132.00;1076;15
Census Block;25;001;132.00;1077;15
Census Block;25;001;132.00;2000;11
Census Block;25;001;132.00;2001;11
Census Block;25;001;132.00;2002;11
Census Block;25;001;132.00;2003;10,11
Census Block;25;001;132.00;2004;11
Census Block;25;001;132.00;2005;10
Census Block;25;001;132.00;2006;10
Census Block;25;001;132.00;2007;10
Census Block;25;001;132.00;2008;10
Census Block;25;001;132.00;2009;10
Census Block;25;001;132.00;2010;10
Census Block;25;001;132.00;2011;10
Census Block;25;001;132.00;2012;10
Census Block;25;001;132.00;2013;10
Census Block;25;001;132.00;2014;10
Census Block;25;001;132.00;2015;10
Census Block;25;001;132.00;2016;10
Census Block;25;001;132.00;2017;10
Census Block;25;001;132.00;2018;10
Census Block;25;001;132.00;2019;10
Census Block;25;001;132.00;2020;10
Census Block;25;001;132.00;2021;10,11
Census Block;25;001;132.00;2022;10,11
Census Block;25;001;132.00;2023;10,11
Census Block;25;001;132.00;2024;10
Census Block;25;001;132.00;2025;10
Census Block;25;001;132.00;2026;10,11
Census Block;25;001;132.00;2027;10
Census Block;25;001;132.00;2028;10
Census Block;25;001;132.00;2029;10
Census Block;25;001;132.00;2030;10
Census Block;25;001;132.00;2031;10
Census Block;25;001;132.00;2032;10
Census Block;25;001;132.00;2033;10
Census Block;25;001;132.00;2034;10
Census Block;25;001;132.00;2035;10
Census Block;25;001;132.00;2036;10
Census Block;25;001;132.00;2037;10
Census Block;25;001;132.00;2038;10
Census Block;25;001;132.00;2039;10
Census Block;25;001;132.00;2040;10
Census Block;25;001;132.00;2041;10
Census Block;25;001;132.00;2042;10
Census Block;25;001;132.00;2043;10
Census Block;25;001;132.00;2044;10,11,15
Census Block;25;001;132.00;2045;10
Census Block;25;001;132.00;2046;10
Census Block;25;001;132.00;2047;10,11
Census Block;25;001;132.00;2048;11
Census Block;25;001;132.00;2049;10,11
Census Block;25;001;132.00;2050;11
Census Block;25;001;132.00;2051;11
Census Block;25;001;132.00;2052;11
Census Block;25;001;132.00;2053;11
Census Block;25;001;132.00;2054;11
Census Block;25;001;132.00;2055;11
Census Block;25;001;132.00;2056;11
Census Block;25;001;132.00;2057;11
Census Block;25;001;132.00;2058;11
Census Block;25;001;132.00;2059;11
Census Block;25;001;132.00;2060;11
Census Block;25;001;132.00;2061;11
Census Block;25;001;132.00;2062;11
Census Block;25;001;132.00;2063;11
Census Block;25;001;132.00;2064;11
Census Block;25;001;132.00;2065;11
Census Block;25;001;132.00;2066;11
Census Block;25;001;132.00;2067;11
Census Block;25;001;132.00;2068;11
Census Block;25;001;132.00;2069;11
Census Block;25;001;132.00;2070;11
Census Block;25;001;132.00;2071;11
Census Block;25;001;132.00;2072;11
Census Block;25;001;132.00;2073;11
Census Block;25;001;132.00;2074;11
Census Block;25;001;132.00;2075;11
Census Block;25;001;132.00;2076;11
Census Block;25;001;132.00;2077;11
Census Block;25;001;132.00;2078;11
Census Block;25;001;132.00;2079;11
Census Block;25;001;132.00;2080;11
Census Block;25;001;132.00;2081;11
Census Block;25;001;132.00;2082;11
Census Block;25;001;132.00;2083;10,15
Census Block;25;001;132.00;2084;10
Census Block;25;001;132.00;2085;10,15
Census Block;25;001;132.00;2086;15
Census Block;25;001;132.00;2087;10
Census Block;25;001;132.00;2088;10
Census Block;25;001;132.00;2089;10
Census Block;25;001;132.00;2090;10
Census Block;25;001;132.00;2091;10
Census Block;25;001;132.00;2092;10,15
Census Block;25;001;132.00;2093;10
Census Block;25;001;132.00;2094;10
Census Block;25;001;132.00;2095;15
Census Block;25;001;132.00;2096;11
Census Block;25;001;132.00;2097;10
Census Block;25;001;132.00;2098;15
Census Block;25;001;132.00;2099;15
Census Block;25;001;132.00;2100;15
Census Block;25;001;132.00;2101;11
Census Block;25;001;132.00;3000;11
Census Block;25;001;132.00;3001;11
Census Block;25;001;132.00;3002;11
Census Block;25;001;132.00;3003;11
Census Block;25;001;132.00;3004;11
Census Block;25;001;132.00;3005;11
Census Block;25;001;132.00;3006;11
Census Block;25;001;132.00;3007;11
Census Block;25;001;132.00;3008;11
Census Block;25;001;132.00;3009;11
Census Block;25;001;132.00;3010;11,16
Census Block;25;001;132.00;3011;11
Census Block;25;001;132.00;3012;11
Census Block;25;001;132.00;3013;11,16
Census Block;25;001;132.00;3014;11,16
Census Block;25;001;132.00;3015;16
Census Block;25;001;132.00;3016;11,16
Census Block;25;001;132.00;3017;11
Census Block;25;001;132.00;3018;11
Census Block;25;001;132.00;3019;11
Census Block;25;001;132.00;3020;11
Census Block;25;001;132.00;3021;16
Census Block;25;001;132.00;3022;16
Census Block;25;001;132.00;3023;16
Census Block;25;001;132.00;3024;11,16
Census Block;25;001;132.00;3025;11,16
Census Block;25;001;132.00;3026;10,11,15,16
Census Block;25;001;132.00;3027;16
Census Block;25;001;132.00;3028;11,16
Census Block;25;001;132.00;3029;16
Census Block;25;001;132.00;3030;16
Census Block;25;001;132.00;3031;11,16
Census Block;25;001;132.00;3032;16
Census Block;25;001;132.00;3033;16
Census Block;25;001;132.00;3034;16
Census Block;25;001;132.00;3035;16
Census Block;25;001;132.00;3036;16
Census Block;25;001;132.00;3037;10,11
Census Block;25;001;132.00;3038;11
Census Block;25;001;132.00;3039;11
Census Block;25;001;132.00;3040;11
Census Block;25;001;132.00;3041;11
Census Block;25;001;132.00;3042;10,15
Census Block;25;001;132.00;3043;10,15
Census Block;25;001;132.00;3044;10
Census Block;25;001;132.00;3045;11
Census Block;25;001;132.00;3046;11
Census Block;25;001;132.00;3047;16
Census Block;25;001;132.00;3048;16
Census Block;25;001;132.00;3049;16
Census Block;25;001;132.00;3050;16
Census Block;25;001;132.00;3051;16
Census Block;25;001;132.00;3052;16
Census Block;25;001;132.00;3053;16
Census Block;25;001;132.00;3054;15
Census Block;25;001;132.00;3055;15
Census Block;25;001;132.00;3056;15,16
Census Block;25;001;132.00;3057;15,16
Census Block;25;001;132.00;3058;16
Census Block;25;001;132.00;3059;16
Census Block;25;001;132.00;3060;16
Census Block;25;001;132.00;3061;16
Census Block;25;001;132.00;3062;16
Census Block;25;001;132.00;3063;16
Census Block;25;001;132.00;3064;16
Census Block;25;001;132.00;3065;16
Census Block;25;001;132.00;3066;16
Census Block;25;001;132.00;3067;11
Census Block;25;001;132.00;3068;11
Census Block;25;001;132.00;3069;16
Census Block;25;001;132.00;3070;16
Census Block;25;001;153.00;1000;9
Census Block;25;001;153.00;1001;9
Census Block;25;001;153.00;1002;9
Census Block;25;001;153.00;1003;9
Census Block;25;001;153.00;1004;9
Census Block;25;001;153.00;1005;9
Census Block;25;001;153.00;1006;9
Census Block;25;001;153.00;1007;9
Census Block;25;001;153.00;1008;8,9
Census Block;25;001;153.00;1009;9
Census Block;25;001;153.00;1010;8,9
Census Block;25;001;153.00;1011;8
Census Block;25;001;153.00;1012;8
Census Block;25;001;153.00;1013;8
Census Block;25;001;153.00;1014;8
Census Block;25;001;153.00;1015;8
Census Block;25;001;153.00;1016;8
Census Block;25;001;153.00;1017;8
Census Block;25;001;153.00;1018;8,9
Census Block;25;001;153.00;1019;9
Census Block;25;001;153.00;1020;9
Census Block;25;001;153.00;1021;9
Census Block;25;001;153.00;1022;9
Census Block;25;001;153.00;1023;9
Census Block;25;001;153.00;1024;9
Census Block;25;001;153.00;1025;9
Census Block;25;001;153.00;1026;9
Census Block;25;001;153.00;1027;8
Census Block;25;001;153.00;1028;8
Census Block;25;001;153.00;1029;8
Census Block;25;001;153.00;1030;8
Census Block;25;001;153.00;1031;8
Census Block;25;001;153.00;1032;8,9
Census Block;25;001;153.00;1033;9
Census Block;25;001;153.00;1034;9
Census Block;25;001;153.00;1035;9
Census Block;25;001;153.00;1036;9
Census Block;25;001;153.00;1037;9
Census Block;25;001;153.00;1038;9
Census Block;25;001;153.00;1039;8,9,13,14
Census Block;25;001;153.00;1040;14
Census Block;25;001;153.00;1041;9,14
Census Block;25;001;153.00;1042;8
Census Block;25;001;153.00;1043;14
Census Block;25;001;153.00;1044;14
Census Block;25;001;153.00;1045;14
Census Block;25;001;153.00;1046;14
Census Block;25;001;153.00;1047;14
Census Block;25;001;153.00;1048;8,13
Census Block;25;001;153.00;1049;9,14
Census Block;25;001;153.00;1050;8
Census Block;25;001;153.00;1051;14
Census Block;25;001;153.00;1052;13
Census Block;25;001;153.00;1053;13,14
Census Block;25;001;153.00;1054;8
Census Block;25;001;153.00;1055;14
Census Block;25;001;153.00;1056;9,14
Census Block;25;001;153.00;1057;8
Census Block;25;001;153.00;1058;8,9
Census Block;25;001;153.00;1059;8
Census Block;25;001;153.00;1060;8,9
Census Block;25;001;153.00;1061;8,9
Census Block;25;001;153.00;1062;8,9
Census Block;25;001;153.00;1063;8,9
Census Block;25;001;153.00;1064;8,9
Census Block;25;001;153.00;1065;8
Census Block;25;001;153.00;1066;8
Census Block;25;001;153.00;1067;8
Census Block;25;001;153.00;1068;8
Census Block;25;001;153.00;1069;8
Census Block;25;001;153.00;1070;8
Census Block;25;001;153.00;1071;8
Census Block;25;001;153.00;1072;8
Census Block;25;001;153.00;1073;8
Census Block;25;001;153.00;1074;8
Census Block;25;001;153.00;1075;8
Census Block;25;001;153.00;1076;8
Census Block;25;001;153.00;1077;8
Census Block;25;001;153.00;1078;8
Census Block;25;001;153.00;1079;8
Census Block;25;001;153.00;1080;8
Census Block;25;001;153.00;1081;8
Census Block;25;001;153.00;1082;8
Census Block;25;001;153.00;1083;8
Census Block;25;001;153.00;1084;8
Census Block;25;001;153.00;1085;8
Census Block;25;001;153.00;1086;8
Census Block;25;001;153.00;1087;8
Census Block;25;001;153.00;1088;8
Census Block;25;001;153.00;1089;8
Census Block;25;001;153.00;1090;8
Census Block;25;001;153.00;1091;8
Census Block;25;001;153.00;1092;8
Census Block;25;001;153.00;1093;8
Census Block;25;001;153.00;1094;8
Census Block;25;001;153.00;1095;8
Census Block;25;001;153.00;1096;8
Census Block;25;001;153.00;1097;8
Census Block;25;001;153.00;1098;8
Census Block;25;001;153.00;1099;8
Census Block;25;001;153.00;1100;8
Census Block;25;001;153.00;1101;8
Census Block;25;001;153.00;1102;8
Census Block;25;001;153.00;1103;8
Census Block;25;001;153.00;1104;8
Census Block;25;001;153.00;1105;8
Census Block;25;001;153.00;1106;8
Census Block;25;001;153.00;1107;8
Census Block;25;001;153.00;1108;8
Census Block;25;001;153.00;1109;8
Census Block;25;001;153.00;1110;8
Census Block;25;001;153.00;1111;8,13
Census Block;25;001;153.00;1112;8
Census Block;25;001;153.00;1113;8
Census Block;25;001;153.00;1114;8
Census Block;25;001;153.00;1115;8
Census Block;25;001;153.00;1116;13
Census Block;25;001;153.00;1117;8,13
Census Block;25;001;153.00;1118;13
Census Block;25;001;153.00;1119;8
Census Block;25;001;153.00;1120;8
Census Block;25;001;153.00;1121;8
Census Block;25;001;153.00;1122;8
Census Block;25;001;153.00;1123;8
Census Block;25;001;153.00;1124;8
Census Block;25;001;153.00;1125;8
Census Block;25;001;153.00;1126;8
Census Block;25;001;153.00;1127;8
Census Block;25;001;153.00;1128;8
Census Block;25;001;153.00;1129;8
Census Block;25;001;153.00;1130;8
Census Block;25;001;153.00;1131;8
Census Block;25;001;153.00;1132;8,13
Census Block;25;001;153.00;1133;8,13
Census Block;25;001;153.00;1134;13
Census Block;25;001;153.00;1135;13
Census Block;25;001;153.00;1136;8,13
Census Block;25;001;153.00;1137;8,13
Census Block;25;001;153.00;1138;8
Census Block;25;001;153.00;1139;8
Census Block;25;001;153.00;1140;8
Census Block;25;001;153.00;1141;8
Census Block;25;001;153.00;1142;9,14
Census Block;25;001;153.00;1143;14
Census Block;25;001;153.00;1144;9,14
Census Block;25;001;153.00;1145;9
Census Block;25;001;153.00;1146;9
Census Block;25;001;153.00;1147;9
Census Block;25;001;153.00;1148;9,14
Census Block;25;001;153.00;1149;9
Census Block;25;001;153.00;1150;9
Census Block;25;001;153.00;1151;9,14
Census Block;25;001;153.00;1152;14
Census Block;25;001;153.00;1153;14
Census Block;25;001;153.00;1154;14
Census Block;25;001;153.00;1155;14
Census Block;25;001;153.00;1156;14
Census Block;25;001;153.00;1157;9
Census Block;25;001;153.00;1158;8,13
Census Block;25;001;153.00;1159;13
Census Block;25;001;153.00;1160;13
Census Block;25;001;153.00;1161;13
Census Block;25;001;153.00;1162;13
Census Block;25;001;153.00;1163;8
Census Block;25;001;153.00;1164;8
Census Block;25;001;153.00;1165;14
Census Block;25;001;153.00;1166;14
Census Block;25;001;153.00;1167;14
Census Block;25;001;153.00;1168;14
Census Block;25;001;153.00;1169;14
Census Block;25;001;153.00;1170;14
Census Block;25;001;153.00;1171;9,14
Census Block;25;001;153.00;1172;8
Census Block;25;001;153.00;1173;9
Census Block;25;001;153.00;1174;8
Census Block;25;001;153.00;2000;14
Census Block;25;001;153.00;2001;14
Census Block;25;001;153.00;2002;14
Census Block;25;001;153.00;2003;14
Census Block;25;001;153.00;2004;14
Census Block;25;001;153.00;2005;14
Census Block;25;001;153.00;2006;14
Census Block;25;001;153.00;2007;14
Census Block;25;001;153.00;2008;14
Census Block;25;001;153.00;2009;14
Census Block;25;001;153.00;2010;14
Census Block;25;001;153.00;2011;14
Census Block;25;001;153.00;2012;14
Census Block;25;001;153.00;2013;14
Census Block;25;001;153.00;2014;14
Census Block;25;001;153.00;2015;14
Census Block;25;001;153.00;2016;14
Census Block;25;001;153.00;2017;14
Census Block;25;001;153.00;2018;14
Census Block;25;001;153.00;2019;14
Census Block;25;001;153.00;2020;14
Census Block;25;001;153.00;2021;14
Census Block;25;001;153.00;2022;14
Census Block;25;001;153.00;2023;14
Census Block;25;001;153.00;2024;14
Census Block;25;001;153.00;2025;14
Census Block;25;001;153.00;2026;14
Census Block;25;001;153.00;2027;14
Census Block;25;001;153.00;2028;14
Census Block;25;001;153.00;2029;14
Census Block;25;001;153.00;2030;14
Census Block;25;001;153.00;2031;14
Census Block;25;001;153.00;2032;14
Census Block;25;001;153.00;2033;14
Census Block;25;001;153.00;2034;14
Census Block;25;001;153.00;2035;14
Census Block;25;001;153.00;2036;14
Census Block;25;001;153.00;2037;14
Census Block;25;001;153.00;2038;14
Census Block;25;001;153.00;2039;14
Census Block;25;001;153.00;2040;14
Census Block;25;001;153.00;2041;13,14
Census Block;25;001;153.00;2042;13
Census Block;25;001;153.00;2043;13
Census Block;25;001;153.00;2044;14
Census Block;25;001;153.00;2045;14
Census Block;25;001;153.00;2046;13
Census Block;25;001;153.00;2047;13,14
Census Block;25;001;153.00;2048;13
Census Block;25;001;153.00;2049;14
Census Block;25;001;153.00;2050;14
Census Block;25;001;153.00;2051;13,14
Census Block;25;001;153.00;2052;13,14
Census Block;25;001;153.00;2053;13
Census Block;25;001;153.00;2054;13
Census Block;25;001;153.00;2055;13
Census Block;25;001;153.00;2056;13
Census Block;25;001;153.00;2057;14
Census Block;25;001;153.00;2058;14
Census Block;25;001;153.00;2059;13
Census Block;25;001;153.00;2060;14
Census Block;25;001;153.00;2061;14
Census Block;25;001;153.00;2062;14
Census Block;25;001;153.00;2063;14
Census Block;25;001;153.00;2064;14
Census Block;25;001;153.00;2065;14
Census Block;25;001;153.00;2066;14
Census Block;25;001;153.00;2067;14
Census Block;25;001;153.00;2068;14
Census Block;25;001;153.00;2069;14
Census Block;25;001;153.00;2070;14
Census Block;25;001;153.00;2071;14
Census Block;25;001;153.00;2072;14
Census Block;25;001;153.00;2073;14
Census Block;25;001;153.00;2074;14
Census Block;25;001;153.00;2075;14
Census Block;25;001;153.00;2076;14
Census Block;25;001;153.00;2077;14
Census Block;25;001;153.00;2078;14
Census Block;25;001;153.00;2079;14
Census Block;25;001;153.00;3000;14
Census Block;25;001;153.00;3001;14
Census Block;25;001;153.00;3002;14
Census Block;25;001;153.00;3003;14
Census Block;25;001;153.00;3004;14
Census Block;25;001;153.00;3005;14
Census Block;25;001;153.00;3006;14
Census Block;25;001;153.00;3007;14
Census Block;25;001;153.00;3008;14
Census Block;25;001;153.00;3009;14
Census Block;25;001;153.00;3010;14
Census Block;25;001;153.00;3011;14
Census Block;25;001;153.00;3012;14
Census Block;25;001;153.00;3013;14
Census Block;25;001;153.00;3014;14
Census Block;25;001;153.00;3015;14
Census Block;25;001;153.00;3016;14
Census Block;25;001;153.00;3017;14
Census Block;25;001;153.00;3018;14
Census Block;25;001;153.00;3019;14
Census Block;25;001;153.00;3020;14
Census Block;25;001;153.00;3021;14
Census Block;25;001;153.00;3022;14
Census Block;25;001;153.00;3023;14
Census Block;25;001;153.00;3024;14
Census Block;25;001;153.00;3025;14
Census Block;25;001;153.00;3026;14
Census Block;25;001;153.00;3027;14
Census Block;25;001;153.00;3028;14
Census Block;25;001;153.00;3029;14
Census Block;25;001;153.00;3030;14
Census Block;25;001;153.00;3031;14
Census Block;25;001;153.00;3032;14
Census Block;25;001;153.00;3033;14
Census Block;25;001;153.00;3034;14
Census Block;25;001;153.00;3035;14
Census Block;25;001;153.00;3036;14
Census Block;25;001;153.00;3037;14
Census Block;25;001;153.00;3038;14
Census Block;25;001;153.00;3039;14
Census Block;25;001;153.00;3040;14
Census Block;25;001;153.00;3041;14
Census Block;25;001;153.00;3042;14
Census Block;25;001;153.00;3043;14
Census Block;25;001;153.00;3044;14
Census Block;25;001;153.00;3045;14
Census Block;25;001;153.00;3046;14
Census Block;25;001;153.00;3047;14
Census Block;25;001;153.00;3048;14
Census Block;25;001;153.00;3049;14
Census Block;25;001;153.00;3050;14
Census Block;25;001;153.00;3051;14
Census Block;25;001;153.00;3052;14
Census Block;25;001;153.00;3053;14
Census Block;25;001;153.00;3054;14
Census Block;25;001;153.00;3055;14
Census Block;25;001;153.00;3056;14
Census Block;25;001;153.00;3057;14
Census Block;25;001;9900.00;0049;16,17
Census Block;25;001;9900.00;0052;13,14
Census Block;25;001;9900.00;0053;13,14,18
Census Block;25;001;9900.00;0054;18
Census Block;25;001;9900.00;0055;13,18
Census Block;25;001;9900.00;0056;12,13,17,18
