TYPE;STATE;COUNTY;TRACT;BLOCK;SHEETS
Census Block;25;021;4191.00;1000;1
Census Block;25;021;4191.00;1001;1
Census Block;25;021;4191.00;1002;1
Census Block;25;021;4191.00;1003;1
Census Block;25;021;4191.00;1004;1
Census Block;25;021;4191.00;1005;1
Census Block;25;021;4191.00;1006;1
Census Block;25;021;4191.00;1007;1
Census Block;25;021;4191.00;1008;1
Census Block;25;021;4191.00;1009;1
Census Block;25;021;4191.00;1010;1
Census Block;25;021;4191.00;1011;1
Census Block;25;021;4191.00;1012;1
Census Block;25;021;4191.00;1013;1
Census Block;25;021;4191.00;1014;1
Census Block;25;021;4191.00;1015;1
Census Block;25;021;4191.00;1016;1
Census Block;25;021;4191.00;1017;1
Census Block;25;021;4191.00;1018;1
Census Block;25;021;4191.00;1019;1
Census Block;25;021;4191.00;1020;1
Census Block;25;021;4191.00;1021;1,2
Census Block;25;021;4191.00;1022;1,2
Census Block;25;021;4191.00;1023;1,2
Census Block;25;021;4191.00;1024;1
Census Block;25;021;4191.00;1025;1
Census Block;25;021;4191.00;1026;1
Census Block;25;021;4191.00;1027;1
Census Block;25;021;4191.00;1028;1
Census Block;25;021;4191.00;1029;1
Census Block;25;021;4191.00;1030;1
Census Block;25;021;4191.00;1031;1
Census Block;25;021;4191.00;1032;1
Census Block;25;021;4191.00;1033;1
Census Block;25;021;4191.00;1034;1
Census Block;25;021;4191.00;1035;1,2
Census Block;25;021;4191.00;1036;1,2
Census Block;25;021;4191.00;1037;1
Census Block;25;021;4191.00;1038;1
Census Block;25;021;4191.00;1039;1
Census Block;25;021;4191.00;1040;1
Census Block;25;021;4191.00;1041;1
Census Block;25;021;4191.00;1042;1
Census Block;25;021;4191.00;1043;1
Census Block;25;021;4191.00;1044;1
Census Block;25;021;4191.00;1045;1
Census Block;25;021;4191.00;1046;1
Census Block;25;021;4191.00;1047;1
Census Block;25;021;4191.00;1048;1
Census Block;25;021;4191.00;1049;1
Census Block;25;021;4191.00;1050;1
Census Block;25;021;4191.00;1051;1
Census Block;25;021;4191.00;1052;1
Census Block;25;021;4191.00;1053;1
Census Block;25;021;4191.00;1054;1
Census Block;25;021;4191.00;1055;1
Census Block;25;021;4191.00;1056;1
Census Block;25;021;4191.00;1057;1
Census Block;25;021;4191.00;1058;1
Census Block;25;021;4191.00;1059;1
Census Block;25;021;4191.00;1060;1
Census Block;25;021;4191.00;1061;1
Census Block;25;021;4191.00;1062;1
Census Block;25;021;4191.00;1063;1
Census Block;25;021;4191.00;1064;1
Census Block;25;021;4191.00;1065;1
Census Block;25;021;4191.00;1066;1
Census Block;25;021;4191.00;1067;1
Census Block;25;021;4191.00;1068;1
Census Block;25;021;4191.00;1069;1
Census Block;25;021;4191.00;1070;1
Census Block;25;021;4191.00;1071;1
Census Block;25;021;4191.00;1072;1
Census Block;25;021;4191.00;1073;1
Census Block;25;021;4191.00;1074;1
Census Block;25;021;4191.00;1075;1
Census Block;25;021;4191.00;1076;1
Census Block;25;021;4191.00;1077;1
Census Block;25;021;4191.00;1078;1
Census Block;25;021;4191.00;1079;1
Census Block;25;021;4191.00;1080;1
Census Block;25;021;4191.00;1081;1
Census Block;25;021;4191.00;1082;1
Census Block;25;021;4191.00;1083;1
Census Block;25;021;4191.00;1084;1
Census Block;25;021;4191.00;1085;1
Census Block;25;021;4191.00;1086;1
Census Block;25;021;4191.00;1087;1
Census Block;25;021;4191.00;1088;1
Census Block;25;021;4191.00;1089;1
Census Block;25;021;4191.00;1090;1
Census Block;25;021;4191.00;1091;1
Census Block;25;021;4191.00;1092;1
Census Block;25;021;4191.00;1093;1
Census Block;25;021;4191.00;1094;1
Census Block;25;021;4191.00;1095;1
Census Block;25;021;4191.00;1096;1
Census Block;25;021;4191.00;1097;1
Census Block;25;021;4191.00;1098;1
Census Block;25;021;4191.00;1099;1
Census Block;25;021;4191.00;1100;1
Census Block;25;021;4191.00;1101;1
Census Block;25;021;4191.00;1102;1
Census Block;25;021;4191.00;1103;1
Census Block;25;021;4191.00;1104;1
Census Block;25;021;4191.00;1105;1
Census Block;25;021;4191.00;1106;1
Census Block;25;021;4191.00;1107;1
Census Block;25;021;4191.00;1108;1
Census Block;25;021;4191.00;1109;1
Census Block;25;021;4191.00;1110;1
Census Block;25;021;4191.00;1111;1
Census Block;25;021;4191.00;1112;1
Census Block;25;021;4191.00;1113;1
Census Block;25;021;4191.00;1114;1
Census Block;25;021;4191.00;1115;1
Census Block;25;021;4191.00;1116;1
Census Block;25;021;4191.00;1117;1
Census Block;25;021;4191.00;1118;1
Census Block;25;021;4191.00;1119;1
Census Block;25;021;4191.00;1120;1
Census Block;25;021;4191.00;1121;1
Census Block;25;021;4191.00;1122;1
Census Block;25;021;4191.00;1123;1,3
Census Block;25;021;4191.00;1124;1
Census Block;25;021;4191.00;1125;1
Census Block;25;021;4191.00;1126;1
Census Block;25;021;4191.00;1127;1
Census Block;25;021;4191.00;1128;1
Census Block;25;021;4191.00;1129;1
Census Block;25;021;4191.00;1130;1
Census Block;25;021;4191.00;1131;1
Census Block;25;021;4191.00;1132;3
Census Block;25;021;4191.00;1133;1
Census Block;25;021;4191.00;1134;1
Census Block;25;021;4191.00;1135;1
Census Block;25;021;4191.00;1136;1
Census Block;25;021;4191.00;1137;1
Census Block;25;021;4191.00;1138;1
Census Block;25;021;4191.00;1139;1
Census Block;25;021;4191.00;1140;1
Census Block;25;021;4191.00;1141;1
Census Block;25;021;4191.00;1142;1
Census Block;25;021;4191.00;1143;1
Census Block;25;021;4191.00;1144;1
Census Block;25;021;4191.00;1145;2
Census Block;25;021;4191.00;1146;1
Census Block;25;021;4191.00;1147;1
Census Block;25;021;4191.00;1148;1
Census Block;25;021;4191.00;1149;1
Census Block;25;021;4191.00;1150;1
Census Block;25;021;4191.00;1151;1
Census Block;25;021;4191.00;1152;1
Census Block;25;021;4191.00;1153;1
Census Block;25;021;4191.00;1154;1
Census Block;25;021;4191.00;1155;1
Census Block;25;021;4191.00;1156;1
Census Block;25;021;4191.00;1157;1
Census Block;25;021;4191.00;1158;1
Census Block;25;021;4191.00;1159;1
Census Block;25;021;4191.00;1160;1
Census Block;25;021;4191.00;1161;1
Census Block;25;021;4191.00;1162;1
Census Block;25;021;4191.00;1163;1
Census Block;25;021;4191.00;1164;1
Census Block;25;021;4191.00;2000;2
Census Block;25;021;4191.00;2001;2
Census Block;25;021;4191.00;2002;1,2
Census Block;25;021;4191.00;2003;1,2
Census Block;25;021;4191.00;2004;2
Census Block;25;021;4191.00;2005;2
Census Block;25;021;4191.00;2006;2
Census Block;25;021;4191.00;2007;2
Census Block;25;021;4191.00;2008;2
Census Block;25;021;4191.00;2009;2
Census Block;25;021;4191.00;2010;2
Census Block;25;021;4191.00;2011;1,2
Census Block;25;021;4191.00;2012;1
Census Block;25;021;4191.00;2013;1
Census Block;25;021;4191.00;2014;1
Census Block;25;021;4191.00;2015;1
Census Block;25;021;4191.00;2016;1
Census Block;25;021;4191.00;2017;1
Census Block;25;021;4191.00;2018;1,2
Census Block;25;021;4191.00;2019;2
Census Block;25;021;4191.00;2020;2
Census Block;25;021;4191.00;2021;2
Census Block;25;021;4191.00;2022;2
Census Block;25;021;4191.00;2023;2
Census Block;25;021;4191.00;2024;2
Census Block;25;021;4191.00;2025;1
Census Block;25;021;4191.00;2026;1
Census Block;25;021;4191.00;2027;1
Census Block;25;021;4191.00;2028;1
Census Block;25;021;4191.00;2029;1
Census Block;25;021;4191.00;2030;1
Census Block;25;021;4191.00;2031;1
Census Block;25;021;4191.00;3000;1,2
Census Block;25;021;4191.00;3001;1
Census Block;25;021;4191.00;3002;1
Census Block;25;021;4191.00;3003;1
Census Block;25;021;4191.00;3004;1
Census Block;25;021;4191.00;3005;1
Census Block;25;021;4191.00;3006;1
Census Block;25;021;4191.00;3007;1
Census Block;25;021;4191.00;3008;1
Census Block;25;021;4191.00;3009;1
Census Block;25;021;4191.00;3010;1
Census Block;25;021;4191.00;3011;1,2
Census Block;25;021;4191.00;3012;1,2
Census Block;25;021;4191.00;3013;1,2
Census Block;25;021;4191.00;3014;1
Census Block;25;021;4191.00;3015;1
Census Block;25;021;4191.00;3016;1
Census Block;25;021;4191.00;3017;1,2
Census Block;25;021;4191.00;3018;2
Census Block;25;021;4191.00;3019;2
Census Block;25;021;4191.00;3020;2
Census Block;25;021;4191.00;4000;2
Census Block;25;021;4191.00;4001;1,2
Census Block;25;021;4191.00;4002;1,2
Census Block;25;021;4191.00;4003;1
Census Block;25;021;4191.00;4004;1
Census Block;25;021;4191.00;4005;1
Census Block;25;021;4191.00;4006;1
Census Block;25;021;4191.00;4007;1
Census Block;25;021;4191.00;4008;1,2
Census Block;25;021;4191.00;4009;1,2
Census Block;25;021;4191.00;4010;2
Census Block;25;021;4191.00;4011;2
Census Block;25;021;4191.00;4012;2
Census Block;25;021;4192.00;1000;2
Census Block;25;021;4192.00;1001;2
Census Block;25;021;4192.00;1002;2
Census Block;25;021;4192.00;1003;2
Census Block;25;021;4192.00;1004;2
Census Block;25;021;4192.00;1005;2
Census Block;25;021;4192.00;1006;2
Census Block;25;021;4192.00;1007;2
Census Block;25;021;4192.00;1008;2
Census Block;25;021;4192.00;1009;2
Census Block;25;021;4192.00;1010;2
Census Block;25;021;4192.00;1011;2
Census Block;25;021;4192.00;1012;2
Census Block;25;021;4192.00;1013;2
Census Block;25;021;4192.00;1014;2
Census Block;25;021;4192.00;1015;2
Census Block;25;021;4192.00;1016;2
Census Block;25;021;4192.00;1017;2
Census Block;25;021;4192.00;1018;2
Census Block;25;021;4192.00;1019;2
Census Block;25;021;4192.00;1020;2
Census Block;25;021;4192.00;1021;2
Census Block;25;021;4192.00;1022;2
Census Block;25;021;4192.00;1023;2
Census Block;25;021;4192.00;1024;2
Census Block;25;021;4192.00;1025;2
Census Block;25;021;4192.00;1026;2
Census Block;25;021;4192.00;1027;2
Census Block;25;021;4192.00;1028;2
Census Block;25;021;4192.00;1029;2
Census Block;25;021;4192.00;1030;2
Census Block;25;021;4192.00;1031;2
Census Block;25;021;4192.00;1032;2
Census Block;25;021;4192.00;1033;2
Census Block;25;021;4192.00;2000;2
Census Block;25;021;4192.00;2001;1,2
Census Block;25;021;4192.00;2002;2
Census Block;25;021;4192.00;2003;1,2
Census Block;25;021;4192.00;2004;1,2
Census Block;25;021;4192.00;2005;1
Census Block;25;021;4192.00;2006;2
Census Block;25;021;4192.00;2007;2
Census Block;25;021;4192.00;2008;2
Census Block;25;021;4192.00;2009;2
Census Block;25;021;4192.00;2010;2
Census Block;25;021;4192.00;2011;2
Census Block;25;021;4192.00;2012;2
Census Block;25;021;4192.00;2013;2
Census Block;25;021;4192.00;2014;2
Census Block;25;021;4192.00;2015;1,2
Census Block;25;021;4192.00;2016;1,2
Census Block;25;021;4192.00;2017;2
Census Block;25;021;4192.00;2018;2
Census Block;25;021;4192.00;2019;2
Census Block;25;021;4192.00;2020;2
Census Block;25;021;4192.00;2021;2
Census Block;25;021;4192.00;3000;2
Census Block;25;021;4192.00;3001;2
Census Block;25;021;4192.00;3002;2
Census Block;25;021;4192.00;3003;2
Census Block;25;021;4192.00;3004;2
Census Block;25;021;4192.00;3005;2
Census Block;25;021;4192.00;3006;2
Census Block;25;021;4192.00;3007;2
Census Block;25;021;4192.00;3008;2
Census Block;25;021;4192.00;3009;2
Census Block;25;021;4192.00;3010;2
Census Block;25;021;4192.00;3011;2
Census Block;25;021;4192.00;3012;2
Census Block;25;021;4192.00;3013;2
Census Block;25;021;4192.00;3014;2
Census Block;25;021;4192.00;3015;2
Census Block;25;021;4192.00;3016;2
Census Block;25;021;4192.00;3017;2
Census Block;25;021;4192.00;4000;2
Census Block;25;021;4192.00;4001;2
Census Block;25;021;4192.00;4002;2
Census Block;25;021;4192.00;4003;2
Census Block;25;021;4192.00;4004;2
Census Block;25;021;4192.00;4005;2
Census Block;25;021;4192.00;4006;2
Census Block;25;021;4192.00;4007;2
Census Block;25;021;4192.00;4008;2
Census Block;25;021;4192.00;4009;2
Census Block;25;021;4192.00;4010;2
Census Block;25;021;4192.00;4011;2
Census Block;25;021;4192.00;4012;2
Census Block;25;021;4192.00;4013;2
Census Block;25;021;4192.00;4014;2
Census Block;25;021;4192.00;4015;2
Census Block;25;021;4192.00;4016;2
Census Block;25;021;4192.00;4017;2
Census Block;25;021;4192.00;4018;2
Census Block;25;021;4192.00;4019;2
Census Block;25;021;4192.00;4020;2
Census Block;25;021;4192.00;4021;2
Census Block;25;021;4192.00;4022;2
Census Block;25;021;4192.00;4023;2
Census Block;25;021;4193.00;1000;2
Census Block;25;021;4193.00;1001;2
Census Block;25;021;4193.00;1002;2
Census Block;25;021;4193.00;1003;2
Census Block;25;021;4193.00;1004;2
Census Block;25;021;4193.00;1005;2
Census Block;25;021;4193.00;1006;2
Census Block;25;021;4193.00;1007;2
Census Block;25;021;4193.00;1008;2
Census Block;25;021;4193.00;1009;2
Census Block;25;021;4193.00;1010;2
Census Block;25;021;4193.00;1011;2
Census Block;25;021;4193.00;1012;2
Census Block;25;021;4193.00;1013;2
Census Block;25;021;4193.00;1014;2
Census Block;25;021;4193.00;2000;2
Census Block;25;021;4193.00;2001;2
Census Block;25;021;4193.00;2002;2
Census Block;25;021;4193.00;2003;2
Census Block;25;021;4193.00;2004;2
Census Block;25;021;4193.00;2005;2
Census Block;25;021;4193.00;2006;2
Census Block;25;021;4193.00;2007;2
Census Block;25;021;4193.00;2008;2
Census Block;25;021;4193.00;2009;2
Census Block;25;021;4193.00;2010;2
Census Block;25;021;4193.00;2011;2
Census Block;25;021;4193.00;2012;2
Census Block;25;021;4193.00;2013;2
Census Block;25;021;4193.00;2014;2
Census Block;25;021;4193.00;3000;2
Census Block;25;021;4193.00;3001;2
Census Block;25;021;4193.00;3002;2
Census Block;25;021;4193.00;3003;2
Census Block;25;021;4193.00;3004;2
Census Block;25;021;4193.00;3005;2
Census Block;25;021;4193.00;3006;2
Census Block;25;021;4193.00;3007;2
Census Block;25;021;4193.00;3008;2
Census Block;25;021;4193.00;3009;2
Census Block;25;021;4193.00;3010;2
Census Block;25;021;4193.00;3011;2
Census Block;25;021;4193.00;4000;2
Census Block;25;021;4193.00;4001;2
Census Block;25;021;4193.00;4002;2
Census Block;25;021;4193.00;4003;2
Census Block;25;021;4193.00;4004;2
Census Block;25;021;4193.00;4005;2
Census Block;25;021;4193.00;4006;2
Census Block;25;021;4193.00;4007;2
Census Block;25;021;4193.00;4008;2
Census Block;25;021;4194.00;1000;2
Census Block;25;021;4194.00;1001;2
Census Block;25;021;4194.00;1002;2
Census Block;25;021;4194.00;1003;2
Census Block;25;021;4194.00;1004;2
Census Block;25;021;4194.00;1005;2
Census Block;25;021;4194.00;1006;2
Census Block;25;021;4194.00;1007;2
Census Block;25;021;4194.00;1008;2
Census Block;25;021;4194.00;1009;2
Census Block;25;021;4194.00;1010;2
Census Block;25;021;4194.00;1011;2
Census Block;25;021;4194.00;1012;2
Census Block;25;021;4194.00;1013;2
Census Block;25;021;4194.00;1014;2
Census Block;25;021;4194.00;1015;2
Census Block;25;021;4194.00;1016;2
Census Block;25;021;4194.00;1017;2
Census Block;25;021;4194.00;1018;2
Census Block;25;021;4194.00;1019;2
Census Block;25;021;4194.00;1020;2
Census Block;25;021;4194.00;1021;2
Census Block;25;021;4194.00;1022;2
Census Block;25;021;4194.00;2000;2
Census Block;25;021;4194.00;2001;2
Census Block;25;021;4194.00;2002;2
Census Block;25;021;4194.00;2003;2
Census Block;25;021;4194.00;2004;2
Census Block;25;021;4194.00;2005;2
Census Block;25;021;4194.00;2006;2
Census Block;25;021;4194.00;2007;2
Census Block;25;021;4194.00;2008;2
Census Block;25;021;4194.00;2009;2
Census Block;25;021;4194.00;2010;2
Census Block;25;021;4194.00;2011;2
Census Block;25;021;4194.00;2012;2
Census Block;25;021;4194.00;2013;2
Census Block;25;021;4194.00;2014;2
Census Block;25;021;4194.00;2015;2
Census Block;25;021;4194.00;2016;2
Census Block;25;021;4194.00;2017;2
Census Block;25;021;4194.00;2018;2
Census Block;25;021;4194.00;2019;2
Census Block;25;021;4194.00;2020;2
Census Block;25;021;4194.00;2021;2
Census Block;25;021;4194.00;2022;2
Census Block;25;021;4194.00;2023;2
Census Block;25;021;4194.00;2024;2
Census Block;25;021;4194.00;3000;2
Census Block;25;021;4194.00;3001;2
Census Block;25;021;4194.00;3002;2
Census Block;25;021;4194.00;3003;2
Census Block;25;021;4194.00;3004;2
Census Block;25;021;4194.00;3005;2
Census Block;25;021;4194.00;3006;2
Census Block;25;021;4194.00;3007;2
Census Block;25;021;4194.00;3008;2
Census Block;25;021;4194.00;3009;2
Census Block;25;021;4194.00;3010;2
Census Block;25;021;4194.00;3011;2
Census Block;25;021;4194.00;3012;2
Census Block;25;021;4194.00;3013;2
Census Block;25;021;4194.00;3014;2
Census Block;25;021;4195.00;1000;2
Census Block;25;021;4195.00;1001;2
Census Block;25;021;4195.00;1002;2
Census Block;25;021;4195.00;1003;2
Census Block;25;021;4195.00;1004;2
Census Block;25;021;4195.00;1005;2
Census Block;25;021;4195.00;1006;2
Census Block;25;021;4195.00;1007;2
Census Block;25;021;4195.00;1008;2
Census Block;25;021;4195.00;1009;2
Census Block;25;021;4195.00;1010;2
Census Block;25;021;4195.00;1011;2
Census Block;25;021;4195.00;1012;2
Census Block;25;021;4195.00;1013;2
Census Block;25;021;4195.00;1014;2
Census Block;25;021;4195.00;2000;2
Census Block;25;021;4195.00;2001;2
Census Block;25;021;4195.00;2002;2
Census Block;25;021;4195.00;2003;2
Census Block;25;021;4195.00;2004;2
Census Block;25;021;4195.00;2005;2
Census Block;25;021;4195.00;2006;2
Census Block;25;021;4195.00;2007;2
Census Block;25;021;4195.00;2008;2,4
Census Block;25;021;4195.00;2009;2
Census Block;25;021;4195.00;2010;2
Census Block;25;021;4195.00;2011;2
Census Block;25;021;4195.00;2012;2,4
Census Block;25;021;4195.00;2013;2,4
Census Block;25;021;4195.00;2014;2,4
Census Block;25;021;4195.00;2015;2
Census Block;25;021;4195.00;2016;2
Census Block;25;021;4195.00;2017;2
Census Block;25;021;4195.00;2018;2
Census Block;25;021;4195.00;2019;2
Census Block;25;021;4195.00;2020;2
Census Block;25;021;4195.00;2021;2
Census Block;25;021;4195.00;2022;2
Census Block;25;021;4195.00;2023;2
Census Block;25;021;4195.00;2024;2
Census Block;25;021;4195.00;2025;2
Census Block;25;021;4195.00;2026;2
Census Block;25;021;4195.00;2027;2
Census Block;25;021;4195.00;2028;2
Census Block;25;021;4195.00;2029;2
Census Block;25;021;4195.00;2030;2
Census Block;25;021;4195.00;2031;2
Census Block;25;021;4195.00;2032;2
Census Block;25;021;4195.00;2033;2
Census Block;25;021;4195.00;2034;2
Census Block;25;021;4195.00;2035;2,4
Census Block;25;021;4195.00;2036;2
Census Block;25;021;4195.00;2037;4
Census Block;25;021;4196.00;1000;4
Census Block;25;021;4196.00;1001;4
Census Block;25;021;4196.00;1002;4
Census Block;25;021;4196.00;1003;4
Census Block;25;021;4196.00;1004;4
Census Block;25;021;4196.00;1005;4
Census Block;25;021;4196.00;1006;4
Census Block;25;021;4196.00;1007;4
Census Block;25;021;4196.00;1008;4
Census Block;25;021;4196.00;1009;4
Census Block;25;021;4196.00;1010;4
Census Block;25;021;4196.00;1011;4
Census Block;25;021;4196.00;1012;4
Census Block;25;021;4196.00;1013;4
Census Block;25;021;4196.00;1014;4
Census Block;25;021;4196.00;1015;4
Census Block;25;021;4196.00;1016;4
Census Block;25;021;4196.00;2000;3
Census Block;25;021;4196.00;2001;3
Census Block;25;021;4196.00;2002;3
Census Block;25;021;4196.00;2003;3
Census Block;25;021;4196.00;2004;3
Census Block;25;021;4196.00;2005;3
Census Block;25;021;4196.00;2006;3
Census Block;25;021;4196.00;2007;3
Census Block;25;021;4196.00;2008;3
Census Block;25;021;4196.00;2009;3
Census Block;25;021;4196.00;2010;3
Census Block;25;021;4196.00;2011;3
Census Block;25;021;4196.00;2012;3
Census Block;25;021;4196.00;2013;3
Census Block;25;021;4196.00;2014;3
Census Block;25;021;4196.00;2015;3
Census Block;25;021;4196.00;2016;3
Census Block;25;021;4196.00;2017;3
Census Block;25;021;4196.00;2018;3
Census Block;25;021;4196.00;2019;3
Census Block;25;021;4196.00;2020;3
Census Block;25;021;4196.00;3000;4
Census Block;25;021;4196.00;3001;4
Census Block;25;021;4196.00;3002;4
Census Block;25;021;4196.00;3003;4
Census Block;25;021;4196.00;3004;4
Census Block;25;021;4196.00;3005;4
Census Block;25;021;4196.00;3006;4
Census Block;25;021;4196.00;3007;4
Census Block;25;021;4196.00;3008;4
Census Block;25;021;4196.00;3009;4
Census Block;25;021;4196.00;3010;4
Census Block;25;021;4196.00;3011;4
Census Block;25;021;4196.00;3012;4
Census Block;25;021;4196.00;3013;4
Census Block;25;021;4196.00;3014;4
Census Block;25;021;4196.00;3015;4
Census Block;25;021;4196.00;3016;4
Census Block;25;021;4196.00;3017;4
Census Block;25;021;4196.00;3018;4
Census Block;25;021;4196.00;3019;4
Census Block;25;021;4196.00;3020;4
Census Block;25;021;4196.00;3021;4
Census Block;25;021;4196.00;3022;4
Census Block;25;021;4196.00;3023;4
Census Block;25;021;4196.00;3024;4
Census Block;25;021;4196.00;3025;4
Census Block;25;021;4196.00;3026;4
Census Block;25;021;4196.00;3027;4
Census Block;25;021;4196.00;3028;4
Census Block;25;021;4196.00;3029;4
Census Block;25;021;4196.00;3030;4
Census Block;25;021;4196.00;3031;4
Census Block;25;021;4196.00;3032;4
Census Block;25;021;4196.00;3033;4
Census Block;25;021;4196.00;3034;4
Census Block;25;021;4196.00;3035;4
Census Block;25;021;4196.00;4000;4
Census Block;25;021;4196.00;4001;3,4
Census Block;25;021;4196.00;4002;3
Census Block;25;021;4196.00;4003;3
Census Block;25;021;4196.00;4004;3
Census Block;25;021;4196.00;4005;3
Census Block;25;021;4196.00;4006;3
Census Block;25;021;4196.00;4007;4
Census Block;25;021;4196.00;4008;4
Census Block;25;021;4196.00;4009;4
Census Block;25;021;4196.00;4010;3,4
Census Block;25;021;4196.00;4011;3
Census Block;25;021;4196.00;4012;3
Census Block;25;021;4196.00;4013;3
Census Block;25;021;4196.00;4014;3
Census Block;25;021;4196.00;4015;3
Census Block;25;021;4196.00;4016;3
Census Block;25;021;4196.00;4017;3
Census Block;25;021;4196.00;4018;3
Census Block;25;021;4196.00;4019;3
Census Block;25;021;4196.00;4020;3
Census Block;25;021;4196.00;4021;3
Census Block;25;021;4196.00;4022;3
Census Block;25;021;4196.00;4023;3
Census Block;25;021;4196.00;4024;3
Census Block;25;021;4196.00;4025;3
Census Block;25;021;4196.00;4026;3
Census Block;25;021;4196.00;4027;3
Census Block;25;021;4196.00;4028;3
Census Block;25;021;4196.00;4029;3,4
Census Block;25;021;4196.00;4030;4
Census Block;25;021;4196.00;4031;3,4
Census Block;25;021;4196.00;4032;3,4
Census Block;25;021;4196.00;4033;3,4
Census Block;25;021;4196.00;4034;3
Census Block;25;021;4196.00;4035;3
Census Block;25;021;4196.00;4036;3
Census Block;25;021;4196.00;4037;3
Census Block;25;021;4196.00;4038;3,4
Census Block;25;021;4196.00;4039;3,4
Census Block;25;021;4196.00;4040;3,4
Census Block;25;021;4196.00;4041;3
Census Block;25;021;4196.00;4042;3,4
Census Block;25;021;4196.00;4043;3,4
Census Block;25;021;4197.00;1000;2,4
Census Block;25;021;4197.00;1001;2,4
Census Block;25;021;4197.00;1002;2,4
Census Block;25;021;4197.00;1003;2
Census Block;25;021;4197.00;1004;2
Census Block;25;021;4197.00;1005;2,4
Census Block;25;021;4197.00;1006;4
Census Block;25;021;4197.00;1007;2,4
Census Block;25;021;4197.00;1008;4
Census Block;25;021;4197.00;1009;4
Census Block;25;021;4197.00;1010;4
Census Block;25;021;4197.00;1011;4
Census Block;25;021;4197.00;1012;4
Census Block;25;021;4197.00;1013;4
Census Block;25;021;4197.00;1014;4
Census Block;25;021;4197.00;1015;4
Census Block;25;021;4197.00;1016;4
Census Block;25;021;4197.00;1017;4
Census Block;25;021;4197.00;1018;4
Census Block;25;021;4197.00;1019;4
Census Block;25;021;4197.00;1020;4
Census Block;25;021;4197.00;1021;4
Census Block;25;021;4197.00;1022;4
Census Block;25;021;4197.00;1023;4
Census Block;25;021;4197.00;1024;4
Census Block;25;021;4197.00;1025;4
Census Block;25;021;4197.00;1026;4
Census Block;25;021;4197.00;1027;4
Census Block;25;021;4197.00;1028;4
Census Block;25;021;4197.00;1029;4
Census Block;25;021;4197.00;1030;4
Census Block;25;021;4197.00;1031;4
Census Block;25;021;4197.00;1032;2
Census Block;25;021;4197.00;1033;4
Census Block;25;021;4197.00;1034;4
Census Block;25;021;4197.00;2000;4
Census Block;25;021;4197.00;2001;4
Census Block;25;021;4197.00;2002;4
Census Block;25;021;4197.00;2003;4
Census Block;25;021;4197.00;2004;3,4
Census Block;25;021;4197.00;2005;4
Census Block;25;021;4197.00;2006;4
Census Block;25;021;4197.00;2007;4
Census Block;25;021;4197.00;2008;3,4
Census Block;25;021;4197.00;2009;3,4
Census Block;25;021;4197.00;2010;3,4
Census Block;25;021;4197.00;2011;3
Census Block;25;021;4197.00;2012;3
Census Block;25;021;4197.00;2013;3
Census Block;25;021;4197.00;2014;3
Census Block;25;021;4197.00;2015;3
Census Block;25;021;4197.00;2016;3
Census Block;25;021;4197.00;2017;3
Census Block;25;021;4197.00;2018;3
Census Block;25;021;4197.00;2019;3
Census Block;25;021;4197.00;2020;4
Census Block;25;021;4197.00;2021;4
Census Block;25;021;4197.00;2022;4
Census Block;25;021;4197.00;2023;4
Census Block;25;021;4197.00;2024;4
Census Block;25;021;4197.00;2025;4
Census Block;25;021;4197.00;2026;4
Census Block;25;021;4197.00;2027;4
Census Block;25;021;4197.00;2028;4
Census Block;25;021;4197.00;2029;3
Census Block;25;021;4197.00;2030;3
Census Block;25;021;4197.00;2031;4
Census Block;25;021;4197.00;2032;4
Census Block;25;021;4197.00;2033;4
Census Block;25;021;4197.00;2034;3
Census Block;25;021;4197.00;2035;3
Census Block;25;021;4197.00;2036;4
Census Block;25;021;4198.00;1000;1,2
Census Block;25;021;4198.00;1001;1
Census Block;25;021;4198.00;1002;1
Census Block;25;021;4198.00;1003;1
Census Block;25;021;4198.00;1004;1
Census Block;25;021;4198.00;1005;1
Census Block;25;021;4198.00;1006;1
Census Block;25;021;4198.00;1007;1
Census Block;25;021;4198.00;1008;1,3
Census Block;25;021;4198.00;1009;1
Census Block;25;021;4198.00;1010;1,3
Census Block;25;021;4198.00;1011;1
Census Block;25;021;4198.00;1012;1
Census Block;25;021;4198.00;1013;3
Census Block;25;021;4198.00;1014;1,3
Census Block;25;021;4198.00;1015;1,3
Census Block;25;021;4198.00;1016;1,3
Census Block;25;021;4198.00;1017;1,3
Census Block;25;021;4198.00;1018;1
Census Block;25;021;4198.00;1019;1
Census Block;25;021;4198.00;1020;1
Census Block;25;021;4198.00;1021;3
Census Block;25;021;4198.00;1022;1,3
Census Block;25;021;4198.00;1023;3
Census Block;25;021;4198.00;1024;3
Census Block;25;021;4198.00;1025;1,3
Census Block;25;021;4198.00;1026;1
Census Block;25;021;4198.00;1027;1,3
Census Block;25;021;4198.00;2000;2
Census Block;25;021;4198.00;2001;2
Census Block;25;021;4198.00;2002;2
Census Block;25;021;4198.00;2003;2
Census Block;25;021;4198.00;2004;2
Census Block;25;021;4198.00;2005;2
Census Block;25;021;4198.00;2006;2
Census Block;25;021;4198.00;2007;2
Census Block;25;021;4198.00;2008;2
Census Block;25;021;4198.00;2009;2
Census Block;25;021;4198.00;2010;2
Census Block;25;021;4198.00;2011;2
Census Block;25;021;4198.00;2012;2
Census Block;25;021;4198.00;2013;2
Census Block;25;021;4198.00;2014;2
Census Block;25;021;4198.00;2015;2
Census Block;25;021;4198.00;2016;2
Census Block;25;021;4198.00;2017;2
Census Block;25;021;4198.00;2018;2
Census Block;25;021;4198.00;2019;2,4
Census Block;25;021;4198.00;2020;2
Census Block;25;021;4198.00;2021;2
Census Block;25;021;4198.00;2022;2
Census Block;25;021;4198.00;2023;2
Census Block;25;021;4198.00;2024;2
Census Block;25;021;4198.00;2025;2
Census Block;25;021;4198.00;2026;2
Census Block;25;021;4198.00;2027;2,4
Census Block;25;021;4198.00;2028;2
Census Block;25;021;4198.00;2029;2
Census Block;25;021;4198.00;2030;2
Census Block;25;021;4198.00;2031;2
Census Block;25;021;4198.00;2032;2
Census Block;25;021;4198.00;2033;4
Census Block;25;021;4198.00;2034;4
Census Block;25;021;4198.00;2035;2,4
Census Block;25;021;4198.00;2036;2
Census Block;25;021;4198.00;2037;2
Census Block;25;021;4198.00;2038;2,4
Census Block;25;021;4198.00;2039;2
Census Block;25;021;4198.00;2040;2
Census Block;25;021;4198.00;2041;2
Census Block;25;021;4198.00;2042;2
Census Block;25;021;4198.00;2043;2
Census Block;25;021;4198.00;2044;2
Census Block;25;021;4198.00;2045;1,2
Census Block;25;021;4198.00;2046;1
Census Block;25;021;4198.00;2047;1,3
Census Block;25;021;4198.00;2048;1,3
Census Block;25;021;4198.00;2049;1,2
Census Block;25;021;4198.00;2050;2
Census Block;25;021;4198.00;2051;2
Census Block;25;021;4198.00;2052;1,3
Census Block;25;021;4198.00;2053;1,2,3,4
Census Block;25;021;4198.00;2054;3,4
Census Block;25;021;4198.00;2055;4
Census Block;25;021;4198.00;2056;3
Census Block;25;021;4198.00;2057;3
Census Block;25;021;4198.00;2058;3
Census Block;25;021;4198.00;2059;3
Census Block;25;021;4198.00;2060;3
Census Block;25;021;4198.00;2061;3
Census Block;25;021;4198.00;2062;3,4
Census Block;25;021;4198.00;2063;3,4
Census Block;25;021;4198.00;2064;3,4
Census Block;25;021;4198.00;2065;4
Census Block;25;021;4198.00;2066;4
Census Block;25;021;4198.00;2067;4
Census Block;25;021;4198.00;2068;4
Census Block;25;021;4198.00;2069;3,4
Census Block;25;021;4198.00;2070;4
Census Block;25;021;4198.00;2071;2
Census Block;25;021;4198.00;2072;4
Census Block;25;021;4198.00;2073;2,4
Census Block;25;021;4198.00;2074;2,4
Census Block;25;021;4198.00;2075;4
Census Block;25;021;4198.00;2076;3,4
Census Block;25;021;4198.00;2077;3,4
Census Block;25;021;4198.00;3000;3
Census Block;25;021;4198.00;3001;3
Census Block;25;021;4198.00;3002;3
Census Block;25;021;4198.00;3003;3
Census Block;25;021;4198.00;3004;3
Census Block;25;021;4198.00;3005;3
Census Block;25;021;4198.00;3006;3
Census Block;25;021;4198.00;3007;3
Census Block;25;021;4198.00;3008;3
Census Block;25;021;4198.00;3009;3
Census Block;25;021;4198.00;3010;3
Census Block;25;021;4198.00;3011;3
Census Block;25;021;4198.00;3012;1,3
Census Block;25;021;4198.00;3013;1,3
Census Block;25;021;4198.00;3014;1,3
Census Block;25;021;4198.00;3015;3
Census Block;25;021;4198.00;3016;1,3
Census Block;25;021;4198.00;3017;1,3
Census Block;25;021;4198.00;3018;3
Census Block;25;021;4198.00;3019;3
Census Block;25;021;4198.00;3020;3
Census Block;25;021;4198.00;3021;3
Census Block;25;021;4198.00;3022;3
Census Block;25;021;4198.00;3023;3
Census Block;25;021;4198.00;3024;3
Census Block;25;021;4198.00;3025;3
Census Block;25;021;4198.00;3026;1,3
Census Block;25;021;4198.00;3027;3
Census Block;25;021;4198.00;3028;3
Census Block;25;021;4198.00;3029;3
Census Block;25;021;4198.00;3030;3
Census Block;25;021;4198.00;3031;3
Census Block;25;021;4198.00;3032;3,4
