TYPE;STATE;COUNTY;TRACT;BLOCK;SHEETS
Census Block;25;021;4171.00;1000;4
Census Block;25;021;4171.00;1001;4
Census Block;25;021;4171.00;1002;4
Census Block;25;021;4171.00;1003;4
Census Block;25;021;4171.00;1004;4
Census Block;25;021;4171.00;1005;4
Census Block;25;021;4171.00;1006;4
Census Block;25;021;4171.00;1007;4
Census Block;25;021;4171.00;1008;4
Census Block;25;021;4171.00;1009;4
Census Block;25;021;4171.00;1010;4
Census Block;25;021;4171.00;1011;4
Census Block;25;021;4171.00;1012;4
Census Block;25;021;4171.00;1013;4
Census Block;25;021;4171.00;2000;4
Census Block;25;021;4171.00;2001;4
Census Block;25;021;4171.00;2002;4
Census Block;25;021;4171.00;2003;4
Census Block;25;021;4171.00;2004;4
Census Block;25;021;4171.00;2005;4
Census Block;25;021;4171.00;2006;4
Census Block;25;021;4171.00;2007;4
Census Block;25;021;4171.00;2008;4
Census Block;25;021;4171.00;2009;4
Census Block;25;021;4171.00;2010;4
Census Block;25;021;4171.00;2011;4
Census Block;25;021;4171.00;2012;4
Census Block;25;021;4171.00;3000;4
Census Block;25;021;4171.00;3001;4
Census Block;25;021;4171.00;3002;4
Census Block;25;021;4171.00;3003;4
Census Block;25;021;4171.00;3004;4
Census Block;25;021;4171.00;3005;4
Census Block;25;021;4171.00;3006;4
Census Block;25;021;4171.00;3007;4
Census Block;25;021;4171.00;3008;4
Census Block;25;021;4171.00;3009;4
Census Block;25;021;4171.00;3010;4
Census Block;25;021;4171.00;3011;4
Census Block;25;021;4171.00;4000;4
Census Block;25;021;4171.00;4001;4
Census Block;25;021;4171.00;4002;4
Census Block;25;021;4171.00;4003;4
Census Block;25;021;4171.00;4004;4
Census Block;25;021;4171.00;4005;4
Census Block;25;021;4171.00;4006;4
Census Block;25;021;4171.00;4007;4
Census Block;25;021;4171.00;4008;4
Census Block;25;021;4171.00;4009;4
Census Block;25;021;4171.00;4010;4
Census Block;25;021;4171.00;4011;4
Census Block;25;021;4171.00;4012;4
Census Block;25;021;4171.00;4013;4
Census Block;25;021;4171.00;5000;4
Census Block;25;021;4171.00;5001;4
Census Block;25;021;4171.00;5002;4
Census Block;25;021;4171.00;5003;4
Census Block;25;021;4171.00;5004;4
Census Block;25;021;4171.00;5005;4
Census Block;25;021;4171.00;5006;4
Census Block;25;021;4171.00;5007;4
Census Block;25;021;4171.00;5008;4
Census Block;25;021;4171.00;5009;4
Census Block;25;021;4171.00;5010;4
Census Block;25;021;4171.00;5011;4
Census Block;25;021;4171.00;5012;4
Census Block;25;021;4171.00;5013;4
Census Block;25;021;4171.00;5014;4
Census Block;25;021;4171.00;5015;4
Census Block;25;021;4172.00;1000;1
Census Block;25;021;4172.00;1001;1
Census Block;25;021;4172.00;1002;1
Census Block;25;021;4172.00;1003;1
Census Block;25;021;4172.00;1004;1
Census Block;25;021;4172.00;1005;1
Census Block;25;021;4172.00;1006;1
Census Block;25;021;4172.00;1007;1
Census Block;25;021;4172.00;1008;1
Census Block;25;021;4172.00;1009;1,4
Census Block;25;021;4172.00;1010;1,4
Census Block;25;021;4172.00;1011;4
Census Block;25;021;4172.00;1012;4
Census Block;25;021;4172.00;1013;1
Census Block;25;021;4172.00;1014;4
Census Block;25;021;4172.00;1015;1,4
Census Block;25;021;4172.00;1016;1
Census Block;25;021;4172.00;1017;1
Census Block;25;021;4172.00;1018;1
Census Block;25;021;4172.00;1019;1,4
Census Block;25;021;4172.00;1020;1,4
Census Block;25;021;4172.00;1021;1
Census Block;25;021;4172.00;1022;1,4
Census Block;25;021;4172.00;1023;1
Census Block;25;021;4172.00;1024;1
Census Block;25;021;4172.00;1025;1
Census Block;25;021;4172.00;1026;1
Census Block;25;021;4172.00;1027;1
Census Block;25;021;4172.00;1028;1
Census Block;25;021;4172.00;1029;1
Census Block;25;021;4172.00;1030;1
Census Block;25;021;4172.00;1031;1
Census Block;25;021;4172.00;1032;1
Census Block;25;021;4172.00;1033;1
Census Block;25;021;4172.00;1034;1
Census Block;25;021;4172.00;1035;1
Census Block;25;021;4172.00;1036;1
Census Block;25;021;4172.00;1037;1
Census Block;25;021;4172.00;1038;1
Census Block;25;021;4172.00;1039;1
Census Block;25;021;4172.00;1040;1
Census Block;25;021;4172.00;1041;1,4
Census Block;25;021;4172.00;1042;4
Census Block;25;021;4172.00;2000;1,4
Census Block;25;021;4172.00;2001;1,4
Census Block;25;021;4172.00;2002;1
Census Block;25;021;4172.00;2003;1
Census Block;25;021;4172.00;2004;1
Census Block;25;021;4172.00;2005;1,4
Census Block;25;021;4172.00;2006;4
Census Block;25;021;4172.00;2007;1,4
Census Block;25;021;4172.00;2008;1,4
Census Block;25;021;4172.00;2009;1,4
Census Block;25;021;4172.00;2010;4
Census Block;25;021;4172.00;2011;4
Census Block;25;021;4172.00;2012;4
Census Block;25;021;4172.00;2013;4
Census Block;25;021;4172.00;2014;4
Census Block;25;021;4172.00;3000;4
Census Block;25;021;4172.00;3001;4
Census Block;25;021;4172.00;3002;4
Census Block;25;021;4172.00;3003;4
Census Block;25;021;4172.00;3004;4
Census Block;25;021;4172.00;3005;4
Census Block;25;021;4172.00;3006;4
Census Block;25;021;4172.00;3007;4
Census Block;25;021;4172.00;3008;4
Census Block;25;021;4172.00;3009;4
Census Block;25;021;4172.00;3010;4
Census Block;25;021;4172.00;4000;4
Census Block;25;021;4172.00;4001;4
Census Block;25;021;4172.00;4002;4
Census Block;25;021;4172.00;4003;4
Census Block;25;021;4172.00;4004;4
Census Block;25;021;4172.00;4005;4
Census Block;25;021;4172.00;4006;4
Census Block;25;021;4172.00;4007;4
Census Block;25;021;4172.00;4008;4
Census Block;25;021;4172.00;4009;4
Census Block;25;021;4172.00;4010;4
Census Block;25;021;4172.00;4011;4
Census Block;25;021;4172.00;4012;4
Census Block;25;021;4172.00;5000;4
Census Block;25;021;4172.00;5001;4
Census Block;25;021;4172.00;5002;4
Census Block;25;021;4172.00;5003;4
Census Block;25;021;4172.00;5004;4
Census Block;25;021;4172.00;5005;4
Census Block;25;021;4172.00;5006;4
Census Block;25;021;4172.00;5007;4
Census Block;25;021;4172.00;5008;4
Census Block;25;021;4172.00;5009;4
Census Block;25;021;4172.00;5010;4
Census Block;25;021;4172.00;5011;4
Census Block;25;021;4172.00;5012;4
Census Block;25;021;4172.00;5013;4
Census Block;25;021;4172.00;5014;4
Census Block;25;021;4172.00;5015;4
Census Block;25;021;4172.00;5016;4
Census Block;25;021;4172.00;5017;4
Census Block;25;021;4172.00;5018;4
Census Block;25;021;4172.00;5019;4
Census Block;25;021;4172.00;6000;4
Census Block;25;021;4172.00;6001;4
Census Block;25;021;4172.00;6002;4
Census Block;25;021;4172.00;6003;4
Census Block;25;021;4172.00;6004;4
Census Block;25;021;4172.00;6005;4
Census Block;25;021;4172.00;6006;4
Census Block;25;021;4172.00;6007;4
Census Block;25;021;4172.00;6008;4
Census Block;25;021;4172.00;6009;4
Census Block;25;021;4172.00;6010;4
Census Block;25;021;4172.00;6011;4
Census Block;25;021;4172.00;6012;4
Census Block;25;021;4172.00;6013;4
Census Block;25;021;4172.00;6014;4
Census Block;25;021;4172.00;6015;4
Census Block;25;021;4172.00;6016;4
Census Block;25;021;4172.00;6017;4
Census Block;25;021;4172.00;7000;4
Census Block;25;021;4172.00;7001;4
Census Block;25;021;4172.00;7002;4
Census Block;25;021;4172.00;7003;4
Census Block;25;021;4172.00;7004;4
Census Block;25;021;4172.00;7005;4
Census Block;25;021;4172.00;7006;4
Census Block;25;021;4172.00;7007;4
Census Block;25;021;4172.00;7008;4
Census Block;25;021;4172.00;7009;4
Census Block;25;021;4172.00;7010;4
Census Block;25;021;4173.00;1000;1
Census Block;25;021;4173.00;1001;1
Census Block;25;021;4173.00;1002;1
Census Block;25;021;4173.00;1003;1
Census Block;25;021;4173.00;1004;1
Census Block;25;021;4173.00;1005;1
Census Block;25;021;4173.00;1006;1
Census Block;25;021;4173.00;1007;1
Census Block;25;021;4173.00;1008;1
Census Block;25;021;4173.00;1009;1
Census Block;25;021;4173.00;1010;1
Census Block;25;021;4173.00;1011;1
Census Block;25;021;4173.00;1012;1
Census Block;25;021;4173.00;1013;1
Census Block;25;021;4173.00;1014;1
Census Block;25;021;4173.00;1015;1
Census Block;25;021;4173.00;1016;1
Census Block;25;021;4173.00;1017;1
Census Block;25;021;4173.00;1018;1
Census Block;25;021;4173.00;1019;1
Census Block;25;021;4173.00;1020;1
Census Block;25;021;4173.00;1021;1
Census Block;25;021;4173.00;1022;1
Census Block;25;021;4173.00;1023;1
Census Block;25;021;4173.00;1024;1
Census Block;25;021;4173.00;1025;1
Census Block;25;021;4173.00;1026;1
Census Block;25;021;4173.00;2000;1
Census Block;25;021;4173.00;2001;1
Census Block;25;021;4173.00;2002;1
Census Block;25;021;4173.00;2003;1
Census Block;25;021;4173.00;2004;1
Census Block;25;021;4173.00;2005;1
Census Block;25;021;4173.00;2006;1
Census Block;25;021;4173.00;2007;1
Census Block;25;021;4173.00;2008;1
Census Block;25;021;4173.00;2009;1
Census Block;25;021;4173.00;2010;1
Census Block;25;021;4173.00;2011;1
Census Block;25;021;4173.00;2012;1
Census Block;25;021;4173.00;2013;1
Census Block;25;021;4173.00;2014;1
Census Block;25;021;4173.00;2015;1
Census Block;25;021;4173.00;2016;1
Census Block;25;021;4173.00;2017;1
Census Block;25;021;4173.00;2018;1
Census Block;25;021;4173.00;2019;1
Census Block;25;021;4173.00;2020;1
Census Block;25;021;4173.00;2021;1
Census Block;25;021;4173.00;2022;1
Census Block;25;021;4173.00;2023;1
Census Block;25;021;4173.00;2024;1
Census Block;25;021;4173.00;2025;1
Census Block;25;021;4173.00;2026;1
Census Block;25;021;4173.00;2027;1
Census Block;25;021;4174.00;1000;1,2
Census Block;25;021;4174.00;1001;1
Census Block;25;021;4174.00;1002;1
Census Block;25;021;4174.00;1003;1
Census Block;25;021;4174.00;1004;1
Census Block;25;021;4174.00;1005;1
Census Block;25;021;4174.00;1006;1
Census Block;25;021;4174.00;1007;1
Census Block;25;021;4174.00;1008;1
Census Block;25;021;4174.00;1009;1
Census Block;25;021;4174.00;1010;1
Census Block;25;021;4174.00;1011;1
Census Block;25;021;4174.00;1012;1
Census Block;25;021;4174.00;1013;1
Census Block;25;021;4174.00;1014;1,2
Census Block;25;021;4174.00;1015;1,2
Census Block;25;021;4174.00;1016;1,2
Census Block;25;021;4174.00;1017;1
Census Block;25;021;4174.00;1018;1
Census Block;25;021;4174.00;1019;1
Census Block;25;021;4174.00;1020;1
Census Block;25;021;4174.00;1021;1
Census Block;25;021;4174.00;1022;1
Census Block;25;021;4174.00;1023;1
Census Block;25;021;4174.00;1024;1
Census Block;25;021;4174.00;1025;1
Census Block;25;021;4174.00;1026;1
Census Block;25;021;4174.00;1027;1
Census Block;25;021;4174.00;1028;1
Census Block;25;021;4174.00;1029;1
Census Block;25;021;4174.00;1030;1
Census Block;25;021;4174.00;1031;1
Census Block;25;021;4174.00;1032;1
Census Block;25;021;4174.00;1033;1
Census Block;25;021;4174.00;1034;1
Census Block;25;021;4174.00;1035;1
Census Block;25;021;4174.00;1036;1
Census Block;25;021;4174.00;1037;1
Census Block;25;021;4174.00;2000;1
Census Block;25;021;4174.00;2001;1
Census Block;25;021;4174.00;2002;1
Census Block;25;021;4174.00;2003;1
Census Block;25;021;4174.00;2004;1
Census Block;25;021;4174.00;2005;1
Census Block;25;021;4174.00;2006;1
Census Block;25;021;4174.00;2007;1
Census Block;25;021;4174.00;2008;1
Census Block;25;021;4174.00;2009;1
Census Block;25;021;4174.00;2010;1
Census Block;25;021;4174.00;2011;1
Census Block;25;021;4174.00;2012;1
Census Block;25;021;4174.00;2013;1
Census Block;25;021;4174.00;2014;1
Census Block;25;021;4174.00;2015;1
Census Block;25;021;4174.00;2016;1
Census Block;25;021;4174.00;3000;1
Census Block;25;021;4174.00;3001;1
Census Block;25;021;4174.00;3002;1
Census Block;25;021;4174.00;3003;1
Census Block;25;021;4174.00;3004;1
Census Block;25;021;4174.00;3005;1
Census Block;25;021;4174.00;3006;1
Census Block;25;021;4174.00;3007;1
Census Block;25;021;4174.00;3008;1
Census Block;25;021;4174.00;3009;1
Census Block;25;021;4174.00;3010;1
Census Block;25;021;4174.00;3011;1
Census Block;25;021;4174.00;3012;1
Census Block;25;021;4174.00;3013;1
Census Block;25;021;4174.00;3014;1
Census Block;25;021;4174.00;3015;1
Census Block;25;021;4174.00;3016;1
Census Block;25;021;4174.00;3017;1
Census Block;25;021;4175.01;1000;1
Census Block;25;021;4175.01;1001;1
Census Block;25;021;4175.01;1002;1
Census Block;25;021;4175.01;1003;1
Census Block;25;021;4175.01;1004;1
Census Block;25;021;4175.01;1005;1
Census Block;25;021;4175.01;1006;1
Census Block;25;021;4175.01;1007;1
Census Block;25;021;4175.01;1008;1
Census Block;25;021;4175.01;1009;1
Census Block;25;021;4175.01;1010;1
Census Block;25;021;4175.01;1011;1
Census Block;25;021;4175.01;2000;1
Census Block;25;021;4175.01;2001;1
Census Block;25;021;4175.01;2002;1
Census Block;25;021;4175.01;2003;1
Census Block;25;021;4175.01;2004;1
Census Block;25;021;4175.01;2005;1
Census Block;25;021;4175.01;2006;1
Census Block;25;021;4175.01;2007;1
Census Block;25;021;4175.01;2008;1
Census Block;25;021;4175.01;2009;1
Census Block;25;021;4175.01;2010;1
Census Block;25;021;4175.01;2011;1
Census Block;25;021;4175.01;2012;1
Census Block;25;021;4175.01;2013;1
Census Block;25;021;4175.01;2014;1
Census Block;25;021;4175.01;2015;1
Census Block;25;021;4175.01;2016;1
Census Block;25;021;4175.01;2017;1
Census Block;25;021;4175.01;3000;1
Census Block;25;021;4175.01;3001;1
Census Block;25;021;4175.01;3002;1
Census Block;25;021;4175.01;3003;1
Census Block;25;021;4175.01;3004;1
Census Block;25;021;4175.01;3005;1
Census Block;25;021;4175.01;3006;1
Census Block;25;021;4175.01;3007;1
Census Block;25;021;4175.01;3008;1
Census Block;25;021;4175.01;3009;1
Census Block;25;021;4175.01;3010;1
Census Block;25;021;4175.01;3011;1
Census Block;25;021;4175.01;3012;1
Census Block;25;021;4175.01;3013;1
Census Block;25;021;4175.01;3014;1
Census Block;25;021;4175.01;3015;1
Census Block;25;021;4175.01;3016;1
Census Block;25;021;4175.01;3017;1
Census Block;25;021;4175.01;4000;1
Census Block;25;021;4175.01;4001;1
Census Block;25;021;4175.01;4002;1
Census Block;25;021;4175.01;4003;1
Census Block;25;021;4175.01;4004;1
Census Block;25;021;4175.01;4005;1
Census Block;25;021;4175.01;4006;1
Census Block;25;021;4175.01;4007;1
Census Block;25;021;4175.01;4008;1
Census Block;25;021;4175.01;4009;1,4
Census Block;25;021;4175.01;4010;1,4
Census Block;25;021;4175.02;1000;1
Census Block;25;021;4175.02;1001;1
Census Block;25;021;4175.02;1002;1
Census Block;25;021;4175.02;1003;1
Census Block;25;021;4175.02;1004;1
Census Block;25;021;4175.02;1005;1
Census Block;25;021;4175.02;1006;1
Census Block;25;021;4175.02;1007;1
Census Block;25;021;4175.02;1008;1,4
Census Block;25;021;4175.02;1009;1,4
Census Block;25;021;4175.02;1010;1,4
Census Block;25;021;4175.02;2000;1
Census Block;25;021;4175.02;2001;1
Census Block;25;021;4175.02;2002;1
Census Block;25;021;4175.02;2003;1
Census Block;25;021;4175.02;2004;1
Census Block;25;021;4175.02;2005;1
Census Block;25;021;4175.02;2006;1
Census Block;25;021;4175.02;2007;1
Census Block;25;021;4175.02;2008;1
Census Block;25;021;4175.02;2009;1
Census Block;25;021;4175.02;3000;1
Census Block;25;021;4175.02;3001;1
Census Block;25;021;4175.02;3002;1
Census Block;25;021;4175.02;3003;1
Census Block;25;021;4175.02;3004;1
Census Block;25;021;4175.02;3005;1
Census Block;25;021;4175.02;3006;1
Census Block;25;021;4175.02;3007;1
Census Block;25;021;4175.02;3008;1
Census Block;25;021;4175.02;3009;1
Census Block;25;021;4175.02;3010;1
Census Block;25;021;4175.02;3011;1
Census Block;25;021;4175.02;3012;1
Census Block;25;021;4175.02;4000;1
Census Block;25;021;4175.02;4001;1
Census Block;25;021;4175.02;4002;1
Census Block;25;021;4175.02;4003;1
Census Block;25;021;4175.02;4004;1
Census Block;25;021;4175.02;4005;1
Census Block;25;021;4175.02;4006;1
Census Block;25;021;4175.02;4007;1
Census Block;25;021;4175.02;4008;1
Census Block;25;021;4175.02;4009;1
Census Block;25;021;4176.01;1000;1
Census Block;25;021;4176.01;1001;1
Census Block;25;021;4176.01;1002;1
Census Block;25;021;4176.01;1003;1
Census Block;25;021;4176.01;1004;1
Census Block;25;021;4176.01;1005;1
Census Block;25;021;4176.01;1006;1
Census Block;25;021;4176.01;1007;1
Census Block;25;021;4176.01;1008;1
Census Block;25;021;4176.01;1009;1
Census Block;25;021;4176.01;1010;1
Census Block;25;021;4176.01;1011;1
Census Block;25;021;4176.01;1012;1
Census Block;25;021;4176.01;1013;1
Census Block;25;021;4176.01;2000;1
Census Block;25;021;4176.01;2001;1
Census Block;25;021;4176.01;2002;1
Census Block;25;021;4176.01;2003;1
Census Block;25;021;4176.01;2004;1
Census Block;25;021;4176.01;2005;1
Census Block;25;021;4176.01;2006;1
Census Block;25;021;4176.01;2007;1
Census Block;25;021;4176.01;2008;1
Census Block;25;021;4176.01;2009;1
Census Block;25;021;4176.01;2010;1
Census Block;25;021;4176.01;2011;1,4
Census Block;25;021;4176.01;2012;1,4
Census Block;25;021;4176.01;2013;1,4
Census Block;25;021;4176.01;2014;1
Census Block;25;021;4176.01;2015;1,4
Census Block;25;021;4176.01;2016;1,4
Census Block;25;021;4176.01;2017;1,4
Census Block;25;021;4176.01;2018;4
Census Block;25;021;4176.01;3000;4
Census Block;25;021;4176.01;3001;4
Census Block;25;021;4176.01;3002;1,4
Census Block;25;021;4176.01;3003;1,4
Census Block;25;021;4176.01;3004;1,4
Census Block;25;021;4176.01;3005;1,4
Census Block;25;021;4176.01;3006;1,4
Census Block;25;021;4176.01;3007;1,4
Census Block;25;021;4176.01;3008;4
Census Block;25;021;4176.01;3009;4
Census Block;25;021;4176.01;3010;4
Census Block;25;021;4176.01;3011;4
Census Block;25;021;4176.01;3012;4
Census Block;25;021;4176.01;3013;4
Census Block;25;021;4176.01;3014;4
Census Block;25;021;4176.01;3015;4
Census Block;25;021;4176.01;3016;4
Census Block;25;021;4176.01;3017;4
Census Block;25;021;4176.01;4000;1,4
Census Block;25;021;4176.01;4001;1,4
Census Block;25;021;4176.01;4002;1,4
Census Block;25;021;4176.01;4003;4
Census Block;25;021;4176.01;4004;4
Census Block;25;021;4176.01;4005;4
Census Block;25;021;4176.01;4006;4
Census Block;25;021;4176.01;4007;4
Census Block;25;021;4176.01;4008;4
Census Block;25;021;4176.01;4009;4
Census Block;25;021;4176.01;4010;4
Census Block;25;021;4176.01;4011;4
Census Block;25;021;4176.01;4012;4
Census Block;25;021;4176.02;1000;1,2
Census Block;25;021;4176.02;1001;2
Census Block;25;021;4176.02;1002;1,2
Census Block;25;021;4176.02;1003;1
Census Block;25;021;4176.02;1004;1
Census Block;25;021;4176.02;1005;1,2,4
Census Block;25;021;4176.02;1006;2
Census Block;25;021;4176.02;1007;1,2,4,5
Census Block;25;021;4176.02;1008;1,4
Census Block;25;021;4176.02;1009;1,4
Census Block;25;021;4176.02;1010;1
Census Block;25;021;4176.02;1011;1
Census Block;25;021;4176.02;1012;1
Census Block;25;021;4176.02;1013;1
Census Block;25;021;4176.02;1014;1
Census Block;25;021;4176.02;1015;4
Census Block;25;021;4176.02;1016;1
Census Block;25;021;4176.02;1017;1
Census Block;25;021;4176.02;1018;1
Census Block;25;021;4176.02;1019;1,4
Census Block;25;021;4176.02;1020;4
Census Block;25;021;4176.02;1021;1
Census Block;25;021;4176.02;1022;1
Census Block;25;021;4176.02;1023;1
Census Block;25;021;4176.02;1024;1
Census Block;25;021;4176.02;1025;1
Census Block;25;021;4176.02;1026;1
Census Block;25;021;4176.02;1027;1,4
Census Block;25;021;4176.02;1028;4
Census Block;25;021;4176.02;1029;4
Census Block;25;021;4176.02;1030;4
Census Block;25;021;4176.02;1031;1,4
Census Block;25;021;4176.02;1032;4
Census Block;25;021;4176.02;1033;4
Census Block;25;021;4176.02;1034;4
Census Block;25;021;4176.02;1035;4
Census Block;25;021;4176.02;1036;4
Census Block;25;021;4176.02;1037;4
Census Block;25;021;4176.02;1038;4
Census Block;25;021;4176.02;1039;4
Census Block;25;021;4176.02;1040;1,4
Census Block;25;021;4176.02;1041;1,4
Census Block;25;021;4176.02;1042;1,4
Census Block;25;021;4176.02;1043;1,4
Census Block;25;021;4176.02;1044;1,4
Census Block;25;021;4176.02;1045;4
Census Block;25;021;4176.02;1046;4
Census Block;25;021;4176.02;1047;4
Census Block;25;021;4176.02;1048;4
Census Block;25;021;4176.02;1049;4
Census Block;25;021;4176.02;1050;4
Census Block;25;021;4176.02;1051;4
Census Block;25;021;4176.02;1052;4
Census Block;25;021;4176.02;1053;4
Census Block;25;021;4176.02;1054;4
Census Block;25;021;4176.02;1055;1,4
Census Block;25;021;4176.02;1056;4
Census Block;25;021;4176.02;2000;4
Census Block;25;021;4176.02;2001;4
Census Block;25;021;4176.02;2002;4
Census Block;25;021;4176.02;2003;4
Census Block;25;021;4176.02;2004;4
Census Block;25;021;4176.02;2005;4
Census Block;25;021;4176.02;2006;4
Census Block;25;021;4176.02;2007;4
Census Block;25;021;4176.02;2008;4
Census Block;25;021;4176.02;2009;4
Census Block;25;021;4176.02;2010;4
Census Block;25;021;4176.02;2011;4
Census Block;25;021;4176.02;2012;4
Census Block;25;021;4176.02;2013;4
Census Block;25;021;4176.02;2014;4
Census Block;25;021;4176.02;2015;4
Census Block;25;021;4176.02;2016;4
Census Block;25;021;4176.02;2017;4
Census Block;25;021;4176.02;2018;4
Census Block;25;021;4176.02;2019;4
Census Block;25;021;4176.02;2020;4
Census Block;25;021;4176.02;2021;4
Census Block;25;021;4176.02;2022;4
Census Block;25;021;4176.02;2023;4
Census Block;25;021;4176.02;2024;4
Census Block;25;021;4176.02;2025;4
Census Block;25;021;4176.02;2026;4
Census Block;25;021;4176.02;3000;4
Census Block;25;021;4176.02;3001;4
Census Block;25;021;4176.02;3002;4
Census Block;25;021;4176.02;3003;4
Census Block;25;021;4176.02;3004;4
Census Block;25;021;4176.02;3005;4
Census Block;25;021;4176.02;3006;4
Census Block;25;021;4176.02;3007;4
Census Block;25;021;4176.02;3008;4
Census Block;25;021;4176.02;3009;4
Census Block;25;021;4176.02;3010;4
Census Block;25;021;4176.02;3011;4
Census Block;25;021;4176.02;3012;4
Census Block;25;021;4176.02;3013;4
Census Block;25;021;4176.02;3014;4
Census Block;25;021;4176.02;3015;4
Census Block;25;021;4176.02;3016;4
Census Block;25;021;4176.02;3017;4
Census Block;25;021;4176.02;3018;4
Census Block;25;021;4176.02;3019;4
Census Block;25;021;4176.02;3020;4
Census Block;25;021;4176.02;3021;4
Census Block;25;021;4176.02;3022;4
Census Block;25;021;4176.02;3023;4
Census Block;25;021;4176.02;3024;4
Census Block;25;021;4177.01;1000;4
Census Block;25;021;4177.01;1001;4
Census Block;25;021;4177.01;1002;4
Census Block;25;021;4177.01;1003;4
Census Block;25;021;4177.01;1004;4
Census Block;25;021;4177.01;1005;4
Census Block;25;021;4177.01;1006;4
Census Block;25;021;4177.01;1007;4
Census Block;25;021;4177.01;1008;4
Census Block;25;021;4177.01;1009;4
Census Block;25;021;4177.01;1010;4
Census Block;25;021;4177.01;1011;4
Census Block;25;021;4177.01;1012;4
Census Block;25;021;4177.01;1013;4
Census Block;25;021;4177.01;1014;4
Census Block;25;021;4177.01;1015;4
Census Block;25;021;4177.01;1016;4
Census Block;25;021;4177.01;1017;4
Census Block;25;021;4177.01;1018;4
Census Block;25;021;4177.01;1019;4
Census Block;25;021;4177.01;2000;4
Census Block;25;021;4177.01;2001;4
Census Block;25;021;4177.01;2002;4
Census Block;25;021;4177.01;2003;4
Census Block;25;021;4177.01;2004;4
Census Block;25;021;4177.01;2005;4
Census Block;25;021;4177.01;2006;4
Census Block;25;021;4177.01;2007;4
Census Block;25;021;4177.01;2008;4
Census Block;25;021;4177.01;2009;4
Census Block;25;021;4177.01;2010;4
Census Block;25;021;4177.01;3000;4
Census Block;25;021;4177.01;3001;4
Census Block;25;021;4177.01;3002;4
Census Block;25;021;4177.01;3003;4
Census Block;25;021;4177.01;3004;4
Census Block;25;021;4177.01;3005;4
Census Block;25;021;4177.01;3006;4
Census Block;25;021;4177.01;3007;4
Census Block;25;021;4177.01;3008;4
Census Block;25;021;4177.01;3009;4
Census Block;25;021;4177.01;3010;4
Census Block;25;021;4177.01;3011;4
Census Block;25;021;4177.01;3012;4
Census Block;25;021;4177.01;3013;4
Census Block;25;021;4177.01;3014;4
Census Block;25;021;4177.01;3015;4
Census Block;25;021;4177.01;3016;4
Census Block;25;021;4177.01;3017;4
Census Block;25;021;4177.01;3018;4
Census Block;25;021;4177.01;3019;4
Census Block;25;021;4177.01;3020;4
Census Block;25;021;4177.01;3021;4
Census Block;25;021;4177.01;3022;4
Census Block;25;021;4177.01;3023;4
Census Block;25;021;4177.01;3024;4
Census Block;25;021;4177.01;3025;4
Census Block;25;021;4177.01;4000;4
Census Block;25;021;4177.01;4001;4
Census Block;25;021;4177.01;4002;4
Census Block;25;021;4177.01;4003;4
Census Block;25;021;4177.01;4004;4
Census Block;25;021;4177.01;4005;4
Census Block;25;021;4177.01;4006;4
Census Block;25;021;4177.01;4007;4
Census Block;25;021;4177.01;4008;4
Census Block;25;021;4177.01;4009;4
Census Block;25;021;4177.01;4010;4
Census Block;25;021;4177.01;4011;4
Census Block;25;021;4177.01;4012;4
Census Block;25;021;4177.01;4013;4
Census Block;25;021;4177.01;4014;4
Census Block;25;021;4177.01;4015;4
Census Block;25;021;4177.01;4016;4
Census Block;25;021;4177.01;4017;4
Census Block;25;021;4177.01;4018;4
Census Block;25;021;4177.01;4019;4
Census Block;25;021;4177.01;4020;4
Census Block;25;021;4177.01;4021;4
Census Block;25;021;4177.01;4022;4
Census Block;25;021;4177.01;4023;4
Census Block;25;021;4177.01;4024;4
Census Block;25;021;4177.01;4025;4
Census Block;25;021;4177.01;4026;4
Census Block;25;021;4177.01;4027;4
Census Block;25;021;4177.01;4028;4
Census Block;25;021;4177.01;4029;4
Census Block;25;021;4177.01;4030;4
Census Block;25;021;4177.01;4031;4
Census Block;25;021;4177.01;4032;4
Census Block;25;021;4177.02;1000;4
Census Block;25;021;4177.02;1001;4
Census Block;25;021;4177.02;1002;4
Census Block;25;021;4177.02;1003;4
Census Block;25;021;4177.02;1004;4
Census Block;25;021;4177.02;1005;4
Census Block;25;021;4177.02;1006;4,5
Census Block;25;021;4177.02;1007;4
Census Block;25;021;4177.02;1008;4
Census Block;25;021;4177.02;1009;4
Census Block;25;021;4177.02;1010;4
Census Block;25;021;4177.02;1011;4,5
Census Block;25;021;4177.02;1012;4
Census Block;25;021;4177.02;1013;4
Census Block;25;021;4177.02;1014;4
Census Block;25;021;4177.02;1015;4
Census Block;25;021;4177.02;1016;4
Census Block;25;021;4177.02;1017;4
Census Block;25;021;4177.02;2000;4,5
Census Block;25;021;4177.02;2001;4,5
Census Block;25;021;4177.02;2002;4,5
Census Block;25;021;4177.02;2003;4,5
Census Block;25;021;4177.02;2004;4
Census Block;25;021;4177.02;2005;5
Census Block;25;021;4177.02;2006;4,5
Census Block;25;021;4177.02;2007;4
Census Block;25;021;4177.02;2008;4
Census Block;25;021;4177.02;2009;4,5
Census Block;25;021;4177.02;2010;4
Census Block;25;021;4177.02;2011;4
Census Block;25;021;4177.02;3000;4
Census Block;25;021;4177.02;3001;4
Census Block;25;021;4177.02;3002;4
Census Block;25;021;4177.02;3003;4
Census Block;25;021;4177.02;3004;4
Census Block;25;021;4177.02;3005;4
Census Block;25;021;4177.02;3006;4
Census Block;25;021;4177.02;3007;4
Census Block;25;021;4177.02;3008;4
Census Block;25;021;4177.02;3009;4
Census Block;25;021;4177.02;3010;4
Census Block;25;021;4177.02;3011;4
Census Block;25;021;4177.02;3012;4
Census Block;25;021;4177.02;3013;4
Census Block;25;021;4177.02;3014;4
Census Block;25;021;4177.02;3015;4
Census Block;25;021;4177.02;3016;4
Census Block;25;021;4177.02;3017;4
Census Block;25;021;4177.02;3018;4
Census Block;25;021;4177.02;3019;4
Census Block;25;021;4177.02;3020;4
Census Block;25;021;4177.02;3021;4
Census Block;25;021;4177.02;3022;4
Census Block;25;021;4177.02;3023;4
Census Block;25;021;4177.02;3024;4
Census Block;25;021;4177.02;3025;4
Census Block;25;021;4177.02;3026;4
Census Block;25;021;4177.02;3027;4
Census Block;25;021;4177.02;3028;4
Census Block;25;021;4177.02;3029;4
Census Block;25;021;4177.02;3030;4
Census Block;25;021;4177.02;3031;4
Census Block;25;021;4177.02;3032;4
Census Block;25;021;4177.02;3033;4
Census Block;25;021;4177.02;3034;4
Census Block;25;021;4177.02;3035;4
Census Block;25;021;4177.02;3036;4
Census Block;25;021;4177.02;3037;4
Census Block;25;021;4177.02;3038;4
Census Block;25;021;4177.02;3039;4
Census Block;25;021;4177.02;3040;4
Census Block;25;021;4177.02;3041;4
Census Block;25;021;4177.02;3042;4
Census Block;25;021;4177.02;3043;4
Census Block;25;021;4177.02;3044;4
Census Block;25;021;4177.02;3045;4
Census Block;25;021;4177.02;3046;4
Census Block;25;021;4177.02;3047;4
Census Block;25;021;4177.02;3048;4
Census Block;25;021;4177.02;3049;4
Census Block;25;021;4177.02;3050;4
Census Block;25;021;4177.02;3051;4
Census Block;25;021;4177.02;3052;4
Census Block;25;021;4177.02;3053;4
Census Block;25;021;4178.01;1000;2
Census Block;25;021;4178.01;1001;2,5
Census Block;25;021;4178.01;1002;2,5
Census Block;25;021;4178.01;1003;2
Census Block;25;021;4178.01;1004;2,5
Census Block;25;021;4178.01;1005;2,5
Census Block;25;021;4178.01;1006;2
Census Block;25;021;4178.01;1007;5
Census Block;25;021;4178.01;1008;2,5
Census Block;25;021;4178.01;1009;5
Census Block;25;021;4178.01;1010;5
Census Block;25;021;4178.01;1011;2
Census Block;25;021;4178.01;1012;5
Census Block;25;021;4178.01;1013;2
Census Block;25;021;4178.01;1014;2
Census Block;25;021;4178.01;1015;2
Census Block;25;021;4178.01;1016;2
Census Block;25;021;4178.01;1017;2
Census Block;25;021;4178.01;1018;5
Census Block;25;021;4178.01;1019;5
Census Block;25;021;4178.01;1020;5
Census Block;25;021;4178.01;1021;5
Census Block;25;021;4178.01;1022;5
Census Block;25;021;4178.01;1023;5
Census Block;25;021;4178.01;1024;2,5
Census Block;25;021;4178.01;2000;5
Census Block;25;021;4178.01;2001;5
Census Block;25;021;4178.01;2002;5
Census Block;25;021;4178.01;2003;5
Census Block;25;021;4178.01;2004;5
Census Block;25;021;4178.01;2005;5
Census Block;25;021;4178.01;2006;5
Census Block;25;021;4178.01;2007;5
Census Block;25;021;4178.01;2008;5
Census Block;25;021;4178.01;2009;5
Census Block;25;021;4178.01;2010;5
Census Block;25;021;4178.01;2011;5
Census Block;25;021;4178.01;2012;5
Census Block;25;021;4178.01;2013;5
Census Block;25;021;4178.01;2014;5
Census Block;25;021;4178.01;2015;5
Census Block;25;021;4178.01;2016;5
Census Block;25;021;4178.01;2017;5
Census Block;25;021;4178.01;2018;5
Census Block;25;021;4178.01;2019;5
Census Block;25;021;4178.01;2020;5
Census Block;25;021;4178.01;2021;5
Census Block;25;021;4178.01;2022;5
Census Block;25;021;4178.01;3000;5
Census Block;25;021;4178.01;3001;5
Census Block;25;021;4178.01;3002;5
Census Block;25;021;4178.01;3003;5
Census Block;25;021;4178.01;3004;5
Census Block;25;021;4178.01;3005;5
Census Block;25;021;4178.01;3006;5
Census Block;25;021;4178.01;3007;5
Census Block;25;021;4178.01;3008;5
Census Block;25;021;4178.01;3009;5
Census Block;25;021;4178.01;3010;5
Census Block;25;021;4178.01;3011;5
Census Block;25;021;4178.01;3012;5
Census Block;25;021;4178.01;3013;5
Census Block;25;021;4178.01;3014;5
Census Block;25;021;4178.01;3015;5
Census Block;25;021;4178.01;3016;5
Census Block;25;021;4178.01;3017;5
Census Block;25;021;4178.01;3018;5
Census Block;25;021;4178.01;3019;5
Census Block;25;021;4178.01;3020;5
Census Block;25;021;4178.01;3021;5
Census Block;25;021;4178.01;3022;5
Census Block;25;021;4178.01;3023;5
Census Block;25;021;4178.01;3024;5
Census Block;25;021;4178.01;3025;5
Census Block;25;021;4178.01;3026;5
Census Block;25;021;4178.01;3027;5
Census Block;25;021;4178.01;3028;5
Census Block;25;021;4178.01;4000;5
Census Block;25;021;4178.01;4001;5
Census Block;25;021;4178.01;4002;5
Census Block;25;021;4178.01;4003;5
Census Block;25;021;4178.01;4004;5
Census Block;25;021;4178.01;4005;5
Census Block;25;021;4178.01;4006;5
Census Block;25;021;4178.01;4007;5
Census Block;25;021;4178.01;4008;5
Census Block;25;021;4178.01;4009;5
Census Block;25;021;4178.01;4010;5
Census Block;25;021;4178.01;4011;5
Census Block;25;021;4178.01;5000;2,5
Census Block;25;021;4178.01;5001;2,4,5
Census Block;25;021;4178.01;5002;2,4,5
Census Block;25;021;4178.01;5003;4,5
Census Block;25;021;4178.01;5004;2,5
Census Block;25;021;4178.01;5005;5
Census Block;25;021;4178.01;5006;5
Census Block;25;021;4178.01;5007;5
Census Block;25;021;4178.01;5008;5
Census Block;25;021;4178.01;5009;5
Census Block;25;021;4178.01;5010;5
Census Block;25;021;4178.01;5011;5
Census Block;25;021;4178.01;5012;5
Census Block;25;021;4178.01;5013;5
Census Block;25;021;4178.01;5014;5
Census Block;25;021;4178.01;5015;4,5
Census Block;25;021;4178.01;5016;5
Census Block;25;021;4178.01;5017;5
Census Block;25;021;4178.01;5018;5
Census Block;25;021;4178.01;5019;5
Census Block;25;021;4178.01;5020;5
Census Block;25;021;4178.01;5021;5
Census Block;25;021;4178.01;5022;5
Census Block;25;021;4178.01;5023;5
Census Block;25;021;4178.01;5024;5
Census Block;25;021;4178.01;5025;5
Census Block;25;021;4178.01;5026;5
Census Block;25;021;4178.01;5027;5
Census Block;25;021;4178.01;5028;5
Census Block;25;021;4178.01;5029;5
Census Block;25;021;4178.01;5030;5
Census Block;25;021;4178.01;5031;5
Census Block;25;021;4178.01;5032;5
Census Block;25;021;4178.01;5033;5
Census Block;25;021;4178.01;5034;5
Census Block;25;021;4178.01;5035;5
Census Block;25;021;4178.01;5036;5
Census Block;25;021;4178.01;5037;5
Census Block;25;021;4178.02;1000;5
Census Block;25;021;4178.02;1001;5
Census Block;25;021;4178.02;1002;5
Census Block;25;021;4178.02;1003;5
Census Block;25;021;4178.02;1004;5
Census Block;25;021;4178.02;1005;5
Census Block;25;021;4178.02;1006;5
Census Block;25;021;4178.02;1007;5
Census Block;25;021;4178.02;1008;5
Census Block;25;021;4178.02;1009;5
Census Block;25;021;4178.02;1010;5
Census Block;25;021;4178.02;1011;5
Census Block;25;021;4178.02;1012;5
Census Block;25;021;4178.02;1013;5
Census Block;25;021;4178.02;1014;5
Census Block;25;021;4178.02;1015;5
Census Block;25;021;4178.02;1016;5
Census Block;25;021;4178.02;1017;5
Census Block;25;021;4178.02;1018;5
Census Block;25;021;4178.02;1019;5
Census Block;25;021;4178.02;1020;5
Census Block;25;021;4178.02;1021;5
Census Block;25;021;4178.02;1022;5
Census Block;25;021;4178.02;1023;5
Census Block;25;021;4178.02;1024;5
Census Block;25;021;4178.02;1025;5
Census Block;25;021;4178.02;1026;5
Census Block;25;021;4178.02;1027;5
Census Block;25;021;4178.02;1028;5
Census Block;25;021;4178.02;1029;5
Census Block;25;021;4178.02;1030;5
Census Block;25;021;4178.02;1031;5
Census Block;25;021;4178.02;1032;5
Census Block;25;021;4178.02;2000;5
Census Block;25;021;4178.02;2001;5
Census Block;25;021;4178.02;2002;5
Census Block;25;021;4178.02;2003;5
Census Block;25;021;4178.02;2004;5
Census Block;25;021;4178.02;2005;5
Census Block;25;021;4178.02;2006;5
Census Block;25;021;4178.02;2007;5
Census Block;25;021;4178.02;2008;5
Census Block;25;021;4178.02;2009;5
Census Block;25;021;4178.02;2010;5
Census Block;25;021;4178.02;2011;5
Census Block;25;021;4178.02;2012;5
Census Block;25;021;4178.02;2013;5
Census Block;25;021;4178.02;2014;5
Census Block;25;021;4178.02;2015;5
Census Block;25;021;4178.02;2016;5
Census Block;25;021;4178.02;2017;5
Census Block;25;021;4178.02;2018;5
Census Block;25;021;4178.02;2019;5
Census Block;25;021;4178.02;2020;5
Census Block;25;021;4178.02;2021;5
Census Block;25;021;4178.02;2022;5
Census Block;25;021;4179.01;1000;5
Census Block;25;021;4179.01;1001;5
Census Block;25;021;4179.01;1002;5
Census Block;25;021;4179.01;1003;5
Census Block;25;021;4179.01;1004;5
Census Block;25;021;4179.01;1005;5
Census Block;25;021;4179.01;1006;5
Census Block;25;021;4179.01;1007;5
Census Block;25;021;4179.01;1008;5
Census Block;25;021;4179.01;1009;5
Census Block;25;021;4179.01;1010;5
Census Block;25;021;4179.01;1011;5
Census Block;25;021;4179.01;1012;5
Census Block;25;021;4179.01;1013;5
Census Block;25;021;4179.01;1014;5
Census Block;25;021;4179.01;1015;5
Census Block;25;021;4179.01;1016;5
Census Block;25;021;4179.01;2000;5
Census Block;25;021;4179.01;2001;5
Census Block;25;021;4179.01;2002;5
Census Block;25;021;4179.01;2003;5
Census Block;25;021;4179.01;2004;5
Census Block;25;021;4179.01;2005;5
Census Block;25;021;4179.01;2006;5
Census Block;25;021;4179.01;2007;5
Census Block;25;021;4179.01;2008;5
Census Block;25;021;4179.01;2009;5
Census Block;25;021;4179.01;2010;5
Census Block;25;021;4179.01;2011;5
Census Block;25;021;4179.01;2012;5
Census Block;25;021;4179.01;2013;5
Census Block;25;021;4179.01;2014;5
Census Block;25;021;4179.01;2015;5
Census Block;25;021;4179.01;2016;5
Census Block;25;021;4179.01;2017;5
Census Block;25;021;4179.01;2018;5
Census Block;25;021;4179.01;2019;5
Census Block;25;021;4179.01;2020;5
Census Block;25;021;4179.01;3000;5
Census Block;25;021;4179.01;3001;5
Census Block;25;021;4179.01;3002;5
Census Block;25;021;4179.01;3003;5
Census Block;25;021;4179.01;3004;5
Census Block;25;021;4179.01;3005;5
Census Block;25;021;4179.01;3006;5
Census Block;25;021;4179.01;3007;5
Census Block;25;021;4179.01;3008;5
Census Block;25;021;4179.01;3009;5
Census Block;25;021;4179.01;3010;5
Census Block;25;021;4179.01;3011;5
Census Block;25;021;4179.01;3012;5
Census Block;25;021;4179.01;3013;5
Census Block;25;021;4179.01;4000;5
Census Block;25;021;4179.01;4001;5
Census Block;25;021;4179.01;4002;5
Census Block;25;021;4179.01;4003;5
Census Block;25;021;4179.01;4004;5
Census Block;25;021;4179.01;4005;5
Census Block;25;021;4179.01;4006;5
Census Block;25;021;4179.01;4007;5
Census Block;25;021;4179.01;4008;5
Census Block;25;021;4179.01;5000;5
Census Block;25;021;4179.01;5001;4,5
Census Block;25;021;4179.01;5002;4
Census Block;25;021;4179.01;5003;4,5
Census Block;25;021;4179.01;5004;5
Census Block;25;021;4179.01;5005;5
Census Block;25;021;4179.01;5006;5
Census Block;25;021;4179.01;5007;5
Census Block;25;021;4179.01;5008;5
Census Block;25;021;4179.01;5009;5
Census Block;25;021;4179.01;5010;5
Census Block;25;021;4179.01;5011;5
Census Block;25;021;4179.01;5012;4,5
Census Block;25;021;4179.01;5013;4
Census Block;25;021;4179.01;5014;4
Census Block;25;021;4179.01;5015;4
Census Block;25;021;4179.02;1000;4,5
Census Block;25;021;4179.02;1001;4
Census Block;25;021;4179.02;1002;4
Census Block;25;021;4179.02;1003;4
Census Block;25;021;4179.02;1004;4
Census Block;25;021;4179.02;1005;4
Census Block;25;021;4179.02;1006;4
Census Block;25;021;4179.02;1007;4
Census Block;25;021;4179.02;1008;4
Census Block;25;021;4179.02;1009;4
Census Block;25;021;4179.02;1010;4
Census Block;25;021;4179.02;1011;4
Census Block;25;021;4179.02;2000;4
Census Block;25;021;4179.02;2001;4
Census Block;25;021;4179.02;2002;4
Census Block;25;021;4179.02;2003;4
Census Block;25;021;4179.02;2004;4
Census Block;25;021;4179.02;2005;4
Census Block;25;021;4179.02;2006;4
Census Block;25;021;4179.02;2007;4
Census Block;25;021;4179.02;2008;4
Census Block;25;021;4179.02;2009;4
Census Block;25;021;4179.02;2010;4
Census Block;25;021;4179.02;2011;4
Census Block;25;021;4179.02;2012;4
Census Block;25;021;4179.02;2013;4
Census Block;25;021;4179.02;3000;5
Census Block;25;021;4179.02;3001;5
Census Block;25;021;4179.02;3002;5
Census Block;25;021;4179.02;3003;4,5
Census Block;25;021;4179.02;3004;5
Census Block;25;021;4179.02;3005;5
Census Block;25;021;4179.02;3006;4,5
Census Block;25;021;4179.02;3007;4
Census Block;25;021;4179.02;3008;5
Census Block;25;021;4179.02;3009;5
Census Block;25;021;4179.02;3010;5
Census Block;25;021;4179.02;3011;5
Census Block;25;021;4179.02;3012;5
Census Block;25;021;4180.02;1000;4,5
Census Block;25;021;4180.02;1001;4,5
Census Block;25;021;4180.02;1002;4
Census Block;25;021;4180.02;1003;4
Census Block;25;021;4180.02;1004;4,5
Census Block;25;021;4180.02;1005;4
Census Block;25;021;4180.02;1006;4
Census Block;25;021;4180.02;1007;4
Census Block;25;021;4180.02;1008;4
Census Block;25;021;4180.02;1009;4
Census Block;25;021;4180.02;1010;4
Census Block;25;021;4180.02;1011;4
Census Block;25;021;4180.02;1012;4
Census Block;25;021;4180.02;1013;4
Census Block;25;021;4180.02;1014;4,5
Census Block;25;021;4180.02;1015;5
Census Block;25;021;4180.02;1016;4
Census Block;25;021;4180.02;1017;5
Census Block;25;021;4180.02;2000;4
Census Block;25;021;4180.02;2001;4
Census Block;25;021;4180.02;2002;4
Census Block;25;021;4180.02;2003;4
Census Block;25;021;4180.02;2004;4
Census Block;25;021;4180.02;2005;4
Census Block;25;021;4180.02;2006;4
Census Block;25;021;4180.02;2007;4
Census Block;25;021;4180.02;2008;4
Census Block;25;021;4180.02;2009;4
Census Block;25;021;4180.02;2010;4
Census Block;25;021;4180.02;2011;4
Census Block;25;021;4180.02;2012;4
Census Block;25;021;4180.02;2013;4
Census Block;25;021;4180.02;2014;4
Census Block;25;021;4180.02;2015;4
Census Block;25;021;4180.02;3000;4
Census Block;25;021;4180.02;3001;4
Census Block;25;021;4180.02;3002;4
Census Block;25;021;4180.02;3003;4
Census Block;25;021;4180.02;3004;4
Census Block;25;021;4180.02;3005;4
Census Block;25;021;4180.02;3006;4
Census Block;25;021;4180.02;3007;4
Census Block;25;021;4180.02;3008;4
Census Block;25;021;4180.02;3009;4
Census Block;25;021;4180.02;3010;4
Census Block;25;021;4180.02;3011;4
Census Block;25;021;4180.02;3012;4
Census Block;25;021;4180.02;3013;4
Census Block;25;021;4180.02;4000;4
Census Block;25;021;4180.02;4001;4
Census Block;25;021;4180.02;4002;4
Census Block;25;021;4180.02;4003;4
Census Block;25;021;4180.02;4004;4
Census Block;25;021;4180.02;4005;4
Census Block;25;021;4180.02;4006;4
Census Block;25;021;4180.02;4007;4
Census Block;25;021;4180.02;4008;4
Census Block;25;021;4180.02;4009;4
Census Block;25;021;4180.02;4010;4
Census Block;25;021;4180.02;4011;4
Census Block;25;021;4180.02;4012;4
Census Block;25;021;4180.02;4013;4
Census Block;25;021;4180.02;5000;4,5
Census Block;25;021;4180.02;5001;4
Census Block;25;021;4180.02;5002;4
Census Block;25;021;4180.02;5003;4
Census Block;25;021;4180.02;5004;5
Census Block;25;021;4180.02;5005;5
Census Block;25;021;4180.02;5006;4
Census Block;25;021;4180.02;5007;4
Census Block;25;021;4180.03;1000;4
Census Block;25;021;4180.03;1001;4
Census Block;25;021;4180.03;1002;4
Census Block;25;021;4180.03;1003;4
Census Block;25;021;4180.03;1004;4
Census Block;25;021;4180.03;1005;4,7
Census Block;25;021;4180.03;1006;4,7
Census Block;25;021;4180.03;1007;4
Census Block;25;021;4180.03;1008;4
Census Block;25;021;4180.03;1009;4
Census Block;25;021;4180.03;1010;4
Census Block;25;021;4180.03;1011;4
Census Block;25;021;4180.03;1012;4
Census Block;25;021;4180.03;1013;4
Census Block;25;021;4180.03;1014;4
Census Block;25;021;4180.03;1015;4
Census Block;25;021;4180.03;1016;4
Census Block;25;021;4180.03;1017;4
Census Block;25;021;4180.03;1018;4
Census Block;25;021;4180.03;1019;4
Census Block;25;021;4180.03;1020;4
Census Block;25;021;4180.03;1021;4
Census Block;25;021;4180.03;1022;4,7
Census Block;25;021;4180.03;1023;4
Census Block;25;021;4180.03;1024;4
Census Block;25;021;4180.03;1025;4,7
Census Block;25;021;4180.03;1026;4
Census Block;25;021;4180.03;1027;4
Census Block;25;021;4180.03;1028;4,7
Census Block;25;021;4180.03;1029;4,7
Census Block;25;021;4180.03;1030;4
Census Block;25;021;4180.03;1031;4
Census Block;25;021;4180.03;1032;4
Census Block;25;021;4180.03;1033;4
Census Block;25;021;4180.03;1034;4
Census Block;25;021;4180.03;1035;4
Census Block;25;021;4180.03;1036;4,7
Census Block;25;021;4180.03;1037;4
Census Block;25;021;4180.03;1038;4,7
Census Block;25;021;4180.03;1039;4,7
Census Block;25;021;4180.04;1000;4
Census Block;25;021;4180.04;1001;4
Census Block;25;021;4180.04;1002;4
Census Block;25;021;4180.04;1003;4
Census Block;25;021;4180.04;1004;4
Census Block;25;021;4180.04;1005;4
Census Block;25;021;4180.04;1006;4
Census Block;25;021;4180.04;1007;4
Census Block;25;021;4180.04;1008;4
Census Block;25;021;4180.04;1009;4
Census Block;25;021;4180.04;1010;4
Census Block;25;021;4180.04;1011;4
Census Block;25;021;4180.04;1012;4
Census Block;25;021;4180.04;1013;4
Census Block;25;021;4180.04;1014;4
Census Block;25;021;4180.04;1015;4
Census Block;25;021;4180.04;1016;4
Census Block;25;021;4180.04;1017;4
Census Block;25;021;4180.04;1018;4
Census Block;25;021;4180.04;1019;4
Census Block;25;021;4180.04;1020;4
Census Block;25;021;4180.04;1021;4
Census Block;25;021;4180.04;1022;4
Census Block;25;021;4180.04;1023;4
Census Block;25;021;4180.04;1024;4
Census Block;25;021;4180.04;1025;4
Census Block;25;021;4180.04;1026;4
Census Block;25;021;4180.04;1027;4
Census Block;25;021;4180.04;1028;4
Census Block;25;021;4180.04;1029;4
Census Block;25;021;4180.04;2000;4
Census Block;25;021;4180.04;2001;4
Census Block;25;021;4180.04;2002;4
Census Block;25;021;4180.04;2003;4
Census Block;25;021;4180.04;2004;4
Census Block;25;021;4180.04;2005;4
Census Block;25;021;4180.04;2006;4
Census Block;25;021;4180.04;2007;4
Census Block;25;021;4180.04;2008;4
Census Block;25;021;4180.04;2009;4
Census Block;25;021;4180.04;2010;4
Census Block;25;021;4180.04;2011;4
Census Block;25;021;4180.04;2012;4
Census Block;25;021;4180.04;2013;4
Census Block;25;021;4180.04;2014;4
Census Block;25;021;4180.04;2015;4
Census Block;25;021;4180.04;2016;4
Census Block;25;021;4180.04;2017;4
Census Block;25;021;4180.04;2018;4
Census Block;25;021;4180.04;2019;4
Census Block;25;021;4180.04;2020;4
Census Block;25;021;4180.04;2021;4
Census Block;25;021;4180.04;3000;4
Census Block;25;021;4180.04;3001;4
Census Block;25;021;4180.04;3002;4
Census Block;25;021;4180.04;3003;4
Census Block;25;021;4180.04;3004;4
Census Block;25;021;4180.04;3005;4
Census Block;25;021;4180.04;3006;4
Census Block;25;021;4180.04;3007;4
Census Block;25;021;4180.04;3008;4
Census Block;25;021;4180.04;3009;4
Census Block;25;021;4180.04;3010;4
Census Block;25;021;4180.04;3011;4
Census Block;25;021;4180.04;3012;4
Census Block;25;021;4180.04;3013;4
Census Block;25;021;4180.04;3014;4
Census Block;25;021;4180.04;3015;4
Census Block;25;021;4180.04;3016;4
Census Block;25;021;4180.04;3017;4
Census Block;25;021;4180.04;3018;4
Census Block;25;021;4180.04;3019;4
Census Block;25;021;4180.04;3020;4
Census Block;25;021;4180.04;3021;4
Census Block;25;021;4180.04;3022;4
Census Block;25;021;4180.04;3023;4
Census Block;25;021;4180.04;3024;4
Census Block;25;021;4180.04;3025;4
Census Block;25;021;4181.01;1000;4
Census Block;25;021;4181.01;1001;4
Census Block;25;021;4181.01;1002;4
Census Block;25;021;4181.01;1003;4
Census Block;25;021;4181.01;1004;4
Census Block;25;021;4181.01;1005;4
Census Block;25;021;4181.01;1006;4
Census Block;25;021;4181.01;1007;4
Census Block;25;021;4181.01;1008;4
Census Block;25;021;4181.01;1009;4
Census Block;25;021;4181.01;1010;4
Census Block;25;021;4181.01;1011;4
Census Block;25;021;4181.01;1012;4
Census Block;25;021;4181.01;1013;4
Census Block;25;021;4181.01;1014;4
Census Block;25;021;4181.01;1015;4
Census Block;25;021;4181.01;1016;4
Census Block;25;021;4181.01;1017;4
Census Block;25;021;4181.01;1018;4
Census Block;25;021;4181.01;1019;4
Census Block;25;021;4181.01;1020;4
Census Block;25;021;4181.01;1021;4
Census Block;25;021;4181.01;1022;4
Census Block;25;021;4181.01;1023;4
Census Block;25;021;4181.01;1024;4
Census Block;25;021;4181.01;1025;4
Census Block;25;021;4181.01;2000;4
Census Block;25;021;4181.01;2001;4
Census Block;25;021;4181.01;2002;4
Census Block;25;021;4181.01;2003;4
Census Block;25;021;4181.01;2004;4
Census Block;25;021;4181.01;2005;4
Census Block;25;021;4181.01;2006;4
Census Block;25;021;4181.01;2007;4
Census Block;25;021;4181.01;2008;4
Census Block;25;021;4181.01;2009;4
Census Block;25;021;4181.01;3000;4
Census Block;25;021;4181.01;3001;4
Census Block;25;021;4181.01;3002;4
Census Block;25;021;4181.01;3003;4
Census Block;25;021;4181.01;3004;4
Census Block;25;021;4181.01;3005;4
Census Block;25;021;4181.01;3006;4
Census Block;25;021;4181.01;3007;4
Census Block;25;021;4181.01;3008;4
Census Block;25;021;4181.01;3009;4
Census Block;25;021;4181.01;3010;4
Census Block;25;021;4181.02;1000;4
Census Block;25;021;4181.02;1001;4
Census Block;25;021;4181.02;1002;4
Census Block;25;021;4181.02;1003;4
Census Block;25;021;4181.02;1004;4
Census Block;25;021;4181.02;1005;4
Census Block;25;021;4181.02;1006;4
Census Block;25;021;4181.02;1007;4
Census Block;25;021;4181.02;1008;4
Census Block;25;021;4181.02;1009;4
Census Block;25;021;4181.02;1010;4
Census Block;25;021;4181.02;1011;4
Census Block;25;021;4181.02;1012;4
Census Block;25;021;4181.02;2000;4
Census Block;25;021;4181.02;2001;4
Census Block;25;021;4181.02;2002;4
Census Block;25;021;4181.02;2003;4
Census Block;25;021;4181.02;2004;4
Census Block;25;021;4181.02;2005;4
Census Block;25;021;4181.02;2006;4
Census Block;25;021;4181.02;2007;4
Census Block;25;021;4181.02;2008;4
Census Block;25;021;4181.02;2009;4
Census Block;25;021;4181.02;2010;4
Census Block;25;021;4181.02;2011;4
Census Block;25;021;4181.02;2012;4
Census Block;25;021;4181.02;2013;4
Census Block;25;021;4182.00;1000;4
Census Block;25;021;4182.00;1001;4
Census Block;25;021;4182.00;1002;4
Census Block;25;021;4182.00;1003;4
Census Block;25;021;4182.00;1004;4
Census Block;25;021;4182.00;1005;4
Census Block;25;021;4182.00;1006;4
Census Block;25;021;4182.00;1007;4
Census Block;25;021;4182.00;1008;4
Census Block;25;021;4182.00;1009;4
Census Block;25;021;4182.00;1010;4
Census Block;25;021;4182.00;1011;4
Census Block;25;021;4182.00;1012;4
Census Block;25;021;4182.00;1013;4
Census Block;25;021;4182.00;1014;4
Census Block;25;021;4182.00;1015;4
Census Block;25;021;4182.00;1016;4
Census Block;25;021;4182.00;1017;4
Census Block;25;021;4182.00;1018;4
Census Block;25;021;4182.00;1019;4
Census Block;25;021;4182.00;1020;4
Census Block;25;021;4182.00;1021;4
Census Block;25;021;4182.00;1022;4
Census Block;25;021;4182.00;1023;4
Census Block;25;021;4182.00;1024;4
Census Block;25;021;4182.00;1025;4
Census Block;25;021;4182.00;2000;4
Census Block;25;021;4182.00;2001;4
Census Block;25;021;4182.00;2002;4
Census Block;25;021;4182.00;2003;4
Census Block;25;021;4182.00;2004;4
Census Block;25;021;4182.00;2005;4
Census Block;25;021;4182.00;2006;4
Census Block;25;021;4182.00;2007;4
Census Block;25;021;4182.00;2008;4
Census Block;25;021;4182.00;2009;4
Census Block;25;021;4182.00;2010;4
Census Block;25;021;4182.00;2011;4
Census Block;25;021;4182.00;2012;4
Census Block;25;021;4182.00;2013;4
Census Block;25;021;4182.00;2014;4
Census Block;25;021;4182.00;2015;4
Census Block;25;021;4182.00;2016;4
Census Block;25;021;4182.00;2017;4
Census Block;25;021;4182.00;2018;4
Census Block;25;021;4182.00;2019;4
Census Block;25;021;4182.00;2020;4
Census Block;25;021;4182.00;2021;4
Census Block;25;021;4182.00;2022;4
Census Block;25;021;4182.00;2023;4
Census Block;25;021;4182.00;2024;4
Census Block;25;021;4182.00;2025;4
Census Block;25;021;4182.00;2026;4
Census Block;25;021;4182.00;2027;4
Census Block;25;021;4182.00;2028;4
Census Block;25;021;4182.00;2029;4
Census Block;25;021;4182.00;2030;4
Census Block;25;021;4182.00;2031;4
Census Block;25;021;4182.00;2032;4
Census Block;25;021;4182.00;2033;4
Census Block;25;021;4182.00;2034;4
Census Block;25;021;4182.00;2035;4
Census Block;25;021;4182.00;2036;4
Census Block;25;021;4182.00;2037;4
Census Block;25;021;4182.00;2038;4
Census Block;25;021;4182.00;3000;4
Census Block;25;021;4182.00;3001;4
Census Block;25;021;4182.00;3002;4
Census Block;25;021;4182.00;3003;4
Census Block;25;021;4182.00;3004;4
Census Block;25;021;4182.00;3005;4
Census Block;25;021;4182.00;3006;4
Census Block;25;021;4182.00;3007;4
Census Block;25;021;4182.00;3008;4
Census Block;25;021;4182.00;3009;4
Census Block;25;021;4182.00;3010;4
Census Block;25;021;4182.00;3011;4
Census Block;25;021;4182.00;3012;4
Census Block;25;021;4182.00;3013;4
Census Block;25;021;4182.00;3014;4
Census Block;25;021;4182.00;3015;4,7
Census Block;25;021;4182.00;3016;4,7
Census Block;25;021;4182.00;3017;4,7
Census Block;25;021;4182.00;3018;4,7
Census Block;25;021;4182.00;3019;7
Census Block;25;021;4182.00;3020;7
Census Block;25;021;4182.00;3021;4
Census Block;25;021;4182.00;3022;4
Census Block;25;021;4182.00;3023;4,7
Census Block;25;021;4182.00;3024;4,7
Census Block;25;021;4182.00;3025;7
Census Block;25;021;4182.00;4000;4
Census Block;25;021;4182.00;4001;4
Census Block;25;021;4182.00;4002;4
Census Block;25;021;4182.00;4003;4
Census Block;25;021;4182.00;4004;4
Census Block;25;021;4182.00;4005;4
Census Block;25;021;4182.00;4006;4
Census Block;25;021;4182.00;4007;4
Census Block;25;021;4182.00;4008;4
Census Block;25;021;4182.00;4009;3,4
Census Block;25;021;4182.00;4010;4
Census Block;25;021;4182.00;4011;4
Census Block;25;021;4182.00;4012;3,4
Census Block;25;021;4182.00;4013;3,4
Census Block;25;021;4182.00;4014;4
Census Block;25;021;4182.00;4015;4
Census Block;25;021;4182.00;4016;3,4
Census Block;25;021;4182.00;4017;3,4
Census Block;25;021;4182.00;4018;4
Census Block;25;021;4182.00;4019;4
Census Block;25;021;4182.00;4020;3
Census Block;25;021;4182.00;4021;3,4
Census Block;25;021;4182.00;4022;3,4
Census Block;25;021;4182.00;4023;4
Census Block;25;021;4182.00;4024;4
Census Block;25;021;4182.00;4025;4
Census Block;25;021;4182.00;4026;3,4,6,7
Census Block;25;021;4182.00;4027;4
Census Block;25;021;4182.00;4028;4
Census Block;25;021;4182.00;4029;4
Census Block;25;021;4182.00;4030;6,7
Census Block;25;021;4182.00;4031;6
Census Block;25;021;4182.00;4032;6
Census Block;25;021;4182.00;4033;6
Census Block;25;021;4182.00;4034;6
Census Block;25;021;4182.00;4035;6
Census Block;25;021;4182.00;4036;6
Census Block;25;021;4182.00;4037;6
Census Block;25;021;4182.00;4038;6
Census Block;25;021;4182.00;4039;6
Census Block;25;021;4182.00;4040;6
Census Block;25;021;4182.00;4041;6
Census Block;25;021;4182.00;4042;6
Census Block;25;021;4182.00;4043;6
Census Block;25;021;4182.00;4044;6
Census Block;25;021;4182.00;4045;6
Census Block;25;021;4182.00;4046;6
Census Block;25;021;4182.00;4047;4
Census Block;25;021;4182.00;4048;4
Census Block;25;021;4182.00;4049;4
Census Block;25;021;4182.00;4050;3,4
