TYPE;STATE;COUNTY;TRACT;BLOCK;SHEETS
Census Block;25;009;2501.00;1000;1
Census Block;25;009;2501.00;1001;1
Census Block;25;009;2501.00;1002;1
Census Block;25;009;2501.00;1003;1
Census Block;25;009;2501.00;1004;1
Census Block;25;009;2501.00;1005;1
Census Block;25;009;2501.00;1006;1
Census Block;25;009;2501.00;1007;1
Census Block;25;009;2501.00;1008;1
Census Block;25;009;2501.00;1009;1
Census Block;25;009;2501.00;1010;1
Census Block;25;009;2501.00;1011;1
Census Block;25;009;2501.00;1012;1
Census Block;25;009;2501.00;1013;1
Census Block;25;009;2501.00;1014;1
Census Block;25;009;2501.00;1015;1
Census Block;25;009;2501.00;1016;1
Census Block;25;009;2501.00;1017;1
Census Block;25;009;2501.00;1018;1
Census Block;25;009;2501.00;1019;1
Census Block;25;009;2501.00;1020;1
Census Block;25;009;2501.00;1021;1
Census Block;25;009;2501.00;1022;1
Census Block;25;009;2501.00;1023;1
Census Block;25;009;2501.00;1024;1
Census Block;25;009;2501.00;1025;1
Census Block;25;009;2501.00;1026;1
Census Block;25;009;2501.00;1027;1
Census Block;25;009;2501.00;1028;1
Census Block;25;009;2501.00;1029;1
Census Block;25;009;2501.00;1030;1
Census Block;25;009;2501.00;1031;1
Census Block;25;009;2501.00;1032;1
Census Block;25;009;2501.00;1033;1
Census Block;25;009;2501.00;1034;1
Census Block;25;009;2501.00;1035;1
Census Block;25;009;2501.00;1036;1
Census Block;25;009;2501.00;1037;1
Census Block;25;009;2501.00;1038;1
Census Block;25;009;2501.00;1039;1
Census Block;25;009;2501.00;1040;1
Census Block;25;009;2501.00;1041;1
Census Block;25;009;2501.00;1042;1
Census Block;25;009;2501.00;1043;1
Census Block;25;009;2501.00;1044;1
Census Block;25;009;2501.00;1045;1
Census Block;25;009;2501.00;1046;1
Census Block;25;009;2501.00;1047;1
Census Block;25;009;2501.00;1048;1
Census Block;25;009;2501.00;1049;1
Census Block;25;009;2501.00;1050;1
Census Block;25;009;2501.00;1051;1
Census Block;25;009;2501.00;1052;1
Census Block;25;009;2501.00;1053;1
Census Block;25;009;2501.00;1054;1
Census Block;25;009;2501.00;1055;1
Census Block;25;009;2501.00;1056;1
Census Block;25;009;2501.00;1057;1
Census Block;25;009;2501.00;1058;1
Census Block;25;009;2501.00;1059;1
Census Block;25;009;2501.00;1060;1
Census Block;25;009;2502.00;1000;1
Census Block;25;009;2502.00;1001;1
Census Block;25;009;2502.00;1002;1
Census Block;25;009;2502.00;1003;1
Census Block;25;009;2502.00;1004;1
Census Block;25;009;2502.00;1005;1
Census Block;25;009;2502.00;1006;1
Census Block;25;009;2502.00;1007;1
Census Block;25;009;2502.00;1008;1
Census Block;25;009;2502.00;1009;1
Census Block;25;009;2502.00;1010;1
Census Block;25;009;2502.00;1011;1
Census Block;25;009;2502.00;1012;1
Census Block;25;009;2502.00;1013;1
Census Block;25;009;2502.00;1014;1
Census Block;25;009;2502.00;1015;1
Census Block;25;009;2502.00;1016;1
Census Block;25;009;2502.00;1017;1
Census Block;25;009;2502.00;1018;1
Census Block;25;009;2502.00;1019;1
Census Block;25;009;2502.00;1020;1
Census Block;25;009;2502.00;1021;1
Census Block;25;009;2502.00;1022;1
Census Block;25;009;2502.00;1023;1
Census Block;25;009;2502.00;1024;1
Census Block;25;009;2502.00;1025;1
Census Block;25;009;2502.00;1026;1
Census Block;25;009;2502.00;1027;1
Census Block;25;009;2502.00;1028;1
Census Block;25;009;2502.00;1029;1
Census Block;25;009;2502.00;1030;1
Census Block;25;009;2502.00;1031;1
Census Block;25;009;2502.00;1032;1
Census Block;25;009;2502.00;1033;1
Census Block;25;009;2502.00;1034;1
Census Block;25;009;2502.00;1035;1
Census Block;25;009;2502.00;1036;1
Census Block;25;009;2502.00;1037;1
Census Block;25;009;2502.00;1038;1
Census Block;25;009;2502.00;1039;1
Census Block;25;009;2502.00;1040;1
Census Block;25;009;2502.00;1041;1
Census Block;25;009;2502.00;1042;1
Census Block;25;009;2502.00;1043;1
Census Block;25;009;2502.00;1044;1
Census Block;25;009;2502.00;1045;1
Census Block;25;009;2502.00;1046;1
Census Block;25;009;2502.00;1047;1
Census Block;25;009;2502.00;1048;1
Census Block;25;009;2502.00;1049;1
Census Block;25;009;2502.00;1050;1
Census Block;25;009;2502.00;1051;1
Census Block;25;009;2502.00;1052;1
Census Block;25;009;2502.00;1053;1
Census Block;25;009;2502.00;1054;1
Census Block;25;009;2502.00;1055;1
Census Block;25;009;2502.00;1056;1
Census Block;25;009;2502.00;1057;1
Census Block;25;009;2502.00;1058;1
Census Block;25;009;2502.00;1059;1
Census Block;25;009;2502.00;1060;1
Census Block;25;009;2502.00;1061;1
Census Block;25;009;2502.00;1062;1
Census Block;25;009;2502.00;1063;1
Census Block;25;009;2502.00;1064;1
Census Block;25;009;2502.00;1065;1
Census Block;25;009;2502.00;1066;1
Census Block;25;009;2502.00;1067;1
Census Block;25;009;2502.00;1068;1
Census Block;25;009;2502.00;1069;1
Census Block;25;009;2502.00;1070;1
Census Block;25;009;2502.00;1071;1
Census Block;25;009;2502.00;1072;1
Census Block;25;009;2502.00;1073;1
Census Block;25;009;2502.00;1074;1
Census Block;25;009;2502.00;1075;1
Census Block;25;009;2502.00;1076;1
Census Block;25;009;2502.00;1077;1
Census Block;25;009;2502.00;1078;1
Census Block;25;009;2502.00;1079;1
Census Block;25;009;2502.00;1080;1
Census Block;25;009;2502.00;1081;1
Census Block;25;009;2502.00;1082;1
Census Block;25;009;2502.00;1083;1
Census Block;25;009;2502.00;1084;1
Census Block;25;009;2502.00;1085;1
Census Block;25;009;2502.00;1086;1
Census Block;25;009;2502.00;1087;1
Census Block;25;009;2502.00;2000;1
Census Block;25;009;2502.00;2001;1
Census Block;25;009;2502.00;2002;1
Census Block;25;009;2502.00;2003;1
Census Block;25;009;2502.00;2004;1
Census Block;25;009;2502.00;2005;1
Census Block;25;009;2502.00;2006;1
Census Block;25;009;2502.00;2007;1
Census Block;25;009;2502.00;2008;1
Census Block;25;009;2502.00;2009;1
Census Block;25;009;2502.00;2010;1
Census Block;25;009;2502.00;2011;1
Census Block;25;009;2502.00;2012;1
Census Block;25;009;2502.00;3000;1
Census Block;25;009;2502.00;3001;1
Census Block;25;009;2502.00;3002;1
Census Block;25;009;2502.00;3003;1
Census Block;25;009;2502.00;3004;1
Census Block;25;009;2502.00;3005;1
Census Block;25;009;2502.00;3006;1
Census Block;25;009;2502.00;3007;1
Census Block;25;009;2502.00;3008;1
Census Block;25;009;2502.00;3009;1
Census Block;25;009;2502.00;3010;1
Census Block;25;009;2502.00;3011;1
Census Block;25;009;2502.00;3012;1
Census Block;25;009;2502.00;4000;1
Census Block;25;009;2502.00;4001;1
Census Block;25;009;2502.00;4002;1
Census Block;25;009;2502.00;4003;1
Census Block;25;009;2502.00;4004;1
Census Block;25;009;2502.00;4005;1
Census Block;25;009;2502.00;4006;1
Census Block;25;009;2502.00;4007;1
Census Block;25;009;2502.00;4008;1
Census Block;25;009;2502.00;4009;1
Census Block;25;009;2502.00;4010;1
Census Block;25;009;2502.00;4011;1
Census Block;25;009;2502.00;4012;1,2
Census Block;25;009;2502.00;4013;1,2
Census Block;25;009;2502.00;4014;1,2
Census Block;25;009;2502.00;4015;1,2
Census Block;25;009;2502.00;4016;1
Census Block;25;009;2503.00;1000;1
Census Block;25;009;2503.00;1001;1
Census Block;25;009;2503.00;1002;1
Census Block;25;009;2503.00;1003;1
Census Block;25;009;2503.00;1004;1
Census Block;25;009;2503.00;1005;1
Census Block;25;009;2503.00;1006;1
Census Block;25;009;2503.00;1007;1
Census Block;25;009;2503.00;1008;1
Census Block;25;009;2503.00;1009;1
Census Block;25;009;2503.00;1010;1
Census Block;25;009;2503.00;1011;1
Census Block;25;009;2503.00;1012;1
Census Block;25;009;2503.00;1013;1
Census Block;25;009;2503.00;1014;1
Census Block;25;009;2503.00;1015;1
Census Block;25;009;2503.00;1016;1
Census Block;25;009;2503.00;1017;1
Census Block;25;009;2503.00;1018;1
Census Block;25;009;2503.00;1019;1
Census Block;25;009;2503.00;1020;1
Census Block;25;009;2503.00;1021;1
Census Block;25;009;2503.00;1022;1
Census Block;25;009;2503.00;1023;1
Census Block;25;009;2504.00;1000;1
Census Block;25;009;2504.00;1001;1
Census Block;25;009;2504.00;1002;1
Census Block;25;009;2504.00;1003;1
Census Block;25;009;2504.00;1004;1
Census Block;25;009;2504.00;1005;1
Census Block;25;009;2504.00;1006;1
Census Block;25;009;2504.00;1007;1
Census Block;25;009;2504.00;1008;1
Census Block;25;009;2504.00;1009;1
Census Block;25;009;2504.00;2000;1
Census Block;25;009;2504.00;2001;1
Census Block;25;009;2504.00;2002;1
Census Block;25;009;2504.00;2003;1
Census Block;25;009;2504.00;2004;1
Census Block;25;009;2504.00;2005;1
Census Block;25;009;2504.00;2006;1
Census Block;25;009;2504.00;2007;1
Census Block;25;009;2504.00;2008;1
Census Block;25;009;2504.00;2009;1
Census Block;25;009;2504.00;2010;1
Census Block;25;009;2504.00;2011;1
Census Block;25;009;2504.00;2012;1
Census Block;25;009;2504.00;2013;1
Census Block;25;009;2504.00;3000;1
Census Block;25;009;2504.00;3001;1
Census Block;25;009;2504.00;3002;1
Census Block;25;009;2504.00;3003;1
Census Block;25;009;2504.00;3004;1
Census Block;25;009;2504.00;3005;1
Census Block;25;009;2504.00;3006;1
Census Block;25;009;2504.00;3007;1
Census Block;25;009;2504.00;3008;1
Census Block;25;009;2505.00;1000;1
Census Block;25;009;2505.00;1001;1
Census Block;25;009;2505.00;1002;1
Census Block;25;009;2505.00;1003;1
Census Block;25;009;2505.00;1004;1
Census Block;25;009;2505.00;1005;1
Census Block;25;009;2505.00;1006;1
Census Block;25;009;2505.00;1007;1
Census Block;25;009;2505.00;1008;1
Census Block;25;009;2505.00;1009;1
Census Block;25;009;2505.00;1010;1
Census Block;25;009;2505.00;1011;1
Census Block;25;009;2505.00;2000;1
Census Block;25;009;2505.00;2001;1
Census Block;25;009;2505.00;2002;1
Census Block;25;009;2505.00;2003;1
Census Block;25;009;2505.00;2004;1
Census Block;25;009;2505.00;3000;1
Census Block;25;009;2505.00;3001;1
Census Block;25;009;2505.00;3002;1
Census Block;25;009;2505.00;3003;1
Census Block;25;009;2505.00;3004;1
Census Block;25;009;2505.00;3005;1
Census Block;25;009;2505.00;3006;1
Census Block;25;009;2505.00;3007;1
Census Block;25;009;2505.00;3008;1
Census Block;25;009;2505.00;3009;1
Census Block;25;009;2505.00;3010;1
Census Block;25;009;2505.00;3011;1
Census Block;25;009;2505.00;3012;1
Census Block;25;009;2505.00;3013;1
Census Block;25;009;2505.00;3014;1
Census Block;25;009;2505.00;3015;1
Census Block;25;009;2505.00;3016;1
Census Block;25;009;2505.00;3017;1
Census Block;25;009;2506.00;1000;1
Census Block;25;009;2506.00;1001;1
Census Block;25;009;2506.00;1002;1
Census Block;25;009;2506.00;1003;1
Census Block;25;009;2506.00;1004;1
Census Block;25;009;2506.00;1005;1
Census Block;25;009;2506.00;1006;1
Census Block;25;009;2506.00;1007;1
Census Block;25;009;2506.00;1008;1
Census Block;25;009;2506.00;1009;1
Census Block;25;009;2506.00;1010;1
Census Block;25;009;2506.00;1011;1
Census Block;25;009;2506.00;1012;1
Census Block;25;009;2506.00;1013;1
Census Block;25;009;2506.00;1014;1
Census Block;25;009;2506.00;1015;1
Census Block;25;009;2506.00;1016;1
Census Block;25;009;2506.00;1017;1
Census Block;25;009;2506.00;2000;1
Census Block;25;009;2506.00;2001;1
Census Block;25;009;2506.00;2002;1
Census Block;25;009;2506.00;2003;1
Census Block;25;009;2506.00;2004;1
Census Block;25;009;2506.00;2005;1
Census Block;25;009;2506.00;2006;1
Census Block;25;009;2506.00;2007;1
Census Block;25;009;2506.00;2008;1
Census Block;25;009;2506.00;2009;1
Census Block;25;009;2506.00;2010;1
Census Block;25;009;2506.00;3000;1
Census Block;25;009;2506.00;3001;1
Census Block;25;009;2506.00;3002;1
Census Block;25;009;2506.00;3003;1
Census Block;25;009;2506.00;3004;1
Census Block;25;009;2506.00;3005;1
Census Block;25;009;2506.00;3006;1
Census Block;25;009;2506.00;3007;1
Census Block;25;009;2506.00;3008;1
Census Block;25;009;2506.00;3009;1
Census Block;25;009;2506.00;3010;1
Census Block;25;009;2506.00;3011;1
Census Block;25;009;2506.00;4000;1
Census Block;25;009;2506.00;4001;1
Census Block;25;009;2506.00;4002;1
Census Block;25;009;2506.00;4003;1
Census Block;25;009;2506.00;4004;1
Census Block;25;009;2506.00;4005;1
Census Block;25;009;2506.00;4006;1
Census Block;25;009;2506.00;4007;1
Census Block;25;009;2506.00;4008;1
Census Block;25;009;2506.00;4009;1
Census Block;25;009;2507.00;1000;1
Census Block;25;009;2507.00;1001;1
Census Block;25;009;2507.00;1002;1
Census Block;25;009;2507.00;1003;1
Census Block;25;009;2507.00;1004;1
Census Block;25;009;2507.00;1005;1
Census Block;25;009;2507.00;1006;1
Census Block;25;009;2507.00;1007;1
Census Block;25;009;2507.00;1008;1
Census Block;25;009;2507.00;1009;1
Census Block;25;009;2507.00;1010;1
Census Block;25;009;2507.00;1011;1
Census Block;25;009;2507.00;1012;1
Census Block;25;009;2507.00;1013;1
Census Block;25;009;2507.00;2000;1
Census Block;25;009;2507.00;2001;1
Census Block;25;009;2507.00;2002;1
Census Block;25;009;2507.00;2003;1
Census Block;25;009;2507.00;2004;1
Census Block;25;009;2507.00;2005;1
Census Block;25;009;2507.00;2006;1
Census Block;25;009;2507.00;2007;1
Census Block;25;009;2507.00;2008;1
Census Block;25;009;2507.00;2009;1
Census Block;25;009;2507.00;2010;1
Census Block;25;009;2507.00;2011;1
Census Block;25;009;2507.00;2012;1
Census Block;25;009;2507.00;2013;1
Census Block;25;009;2507.00;2014;1
Census Block;25;009;2507.00;2015;1
Census Block;25;009;2507.00;3000;1
Census Block;25;009;2507.00;3001;1
Census Block;25;009;2507.00;3002;1
Census Block;25;009;2507.00;3003;1
Census Block;25;009;2507.00;3004;1
Census Block;25;009;2507.00;3005;1
Census Block;25;009;2507.00;3006;1
Census Block;25;009;2507.00;3007;1
Census Block;25;009;2507.00;3008;1
Census Block;25;009;2507.00;3009;1
Census Block;25;009;2507.00;3010;1
Census Block;25;009;2507.00;3011;1
Census Block;25;009;2507.00;3012;1
Census Block;25;009;2507.00;3013;1
Census Block;25;009;2507.00;3014;1
Census Block;25;009;2508.00;1000;1
Census Block;25;009;2508.00;1001;1
Census Block;25;009;2508.00;1002;1
Census Block;25;009;2508.00;1003;1
Census Block;25;009;2508.00;1004;1
Census Block;25;009;2508.00;1005;1
Census Block;25;009;2508.00;1006;1
Census Block;25;009;2508.00;1007;1
Census Block;25;009;2508.00;1008;1
Census Block;25;009;2508.00;1009;1
Census Block;25;009;2508.00;1010;1
Census Block;25;009;2508.00;1011;1
Census Block;25;009;2508.00;1012;1
Census Block;25;009;2508.00;1013;1
Census Block;25;009;2508.00;1014;1
Census Block;25;009;2508.00;1015;1
Census Block;25;009;2508.00;2000;1
Census Block;25;009;2508.00;2001;1
Census Block;25;009;2508.00;2002;1
Census Block;25;009;2508.00;2003;1
Census Block;25;009;2508.00;2004;1
Census Block;25;009;2508.00;2005;1
Census Block;25;009;2508.00;2006;1
Census Block;25;009;2508.00;2007;1
Census Block;25;009;2508.00;2008;1
Census Block;25;009;2508.00;2009;1
Census Block;25;009;2508.00;2010;1
Census Block;25;009;2508.00;2011;1
Census Block;25;009;2508.00;3000;1
Census Block;25;009;2508.00;3001;1
Census Block;25;009;2508.00;3002;1
Census Block;25;009;2508.00;3003;1
Census Block;25;009;2508.00;3004;1
Census Block;25;009;2508.00;3005;1
Census Block;25;009;2508.00;3006;1
Census Block;25;009;2508.00;3007;1
Census Block;25;009;2508.00;3008;1
Census Block;25;009;2508.00;3009;1
Census Block;25;009;2508.00;3010;1
Census Block;25;009;2508.00;3011;1
Census Block;25;009;2508.00;3012;1
Census Block;25;009;2508.00;3013;1
Census Block;25;009;2508.00;3014;1
Census Block;25;009;2508.00;3015;1
Census Block;25;009;2508.00;3016;1
Census Block;25;009;2508.00;3017;1
Census Block;25;009;2508.00;3018;1
Census Block;25;009;2508.00;3019;1
Census Block;25;009;2508.00;3020;1
Census Block;25;009;2508.00;3021;1
Census Block;25;009;2508.00;3022;1
Census Block;25;009;2508.00;3023;1
Census Block;25;009;2508.00;3024;1
Census Block;25;009;2508.00;3025;1
Census Block;25;009;2508.00;3026;1
Census Block;25;009;2508.00;3027;1
Census Block;25;009;2508.00;3028;1
Census Block;25;009;2508.00;3029;1
Census Block;25;009;2508.00;3030;1
Census Block;25;009;2508.00;3031;1
Census Block;25;009;2508.00;3032;1
Census Block;25;009;2508.00;3033;1
Census Block;25;009;2508.00;3034;1
Census Block;25;009;2508.00;4000;1
Census Block;25;009;2508.00;4001;1
Census Block;25;009;2508.00;4002;1
Census Block;25;009;2508.00;4003;1
Census Block;25;009;2508.00;4004;1
Census Block;25;009;2508.00;4005;1
Census Block;25;009;2508.00;4006;1
Census Block;25;009;2508.00;4007;1
Census Block;25;009;2508.00;4008;1
Census Block;25;009;2508.00;4009;1
Census Block;25;009;2508.00;4010;1
Census Block;25;009;2508.00;4011;1
Census Block;25;009;2508.00;4012;1
Census Block;25;009;2508.00;4013;1
Census Block;25;009;2508.00;4014;1
Census Block;25;009;2508.00;4015;1
Census Block;25;009;2508.00;4016;1
Census Block;25;009;2508.00;5000;1
Census Block;25;009;2508.00;5001;1
Census Block;25;009;2508.00;5002;1
Census Block;25;009;2508.00;5003;1
Census Block;25;009;2508.00;5004;1
Census Block;25;009;2508.00;5005;1
Census Block;25;009;2508.00;5006;1
Census Block;25;009;2508.00;5007;1
Census Block;25;009;2508.00;5008;1
Census Block;25;009;2508.00;5009;1
Census Block;25;009;2508.00;5010;1
Census Block;25;009;2508.00;5011;1
Census Block;25;009;2508.00;5012;1
Census Block;25;009;2508.00;5013;1
Census Block;25;009;2508.00;5014;1
Census Block;25;009;2508.00;5015;1
Census Block;25;009;2508.00;5016;1
Census Block;25;009;2508.00;5017;1
Census Block;25;009;2509.00;1000;1
Census Block;25;009;2509.00;1001;1
Census Block;25;009;2509.00;1002;1
Census Block;25;009;2509.00;1003;1
Census Block;25;009;2509.00;1004;1
Census Block;25;009;2509.00;1005;1
Census Block;25;009;2509.00;2000;1
Census Block;25;009;2509.00;2001;1
Census Block;25;009;2509.00;2002;1
Census Block;25;009;2509.00;2003;1
Census Block;25;009;2509.00;2004;1
Census Block;25;009;2509.00;2005;1
Census Block;25;009;2509.00;2006;1
Census Block;25;009;2510.00;1000;1
Census Block;25;009;2510.00;1001;1
Census Block;25;009;2510.00;1002;1
Census Block;25;009;2510.00;1003;1
Census Block;25;009;2510.00;1004;1
Census Block;25;009;2510.00;1005;1
Census Block;25;009;2510.00;1006;1
Census Block;25;009;2510.00;1007;1
Census Block;25;009;2510.00;1008;1
Census Block;25;009;2510.00;1009;1
Census Block;25;009;2510.00;1010;1
Census Block;25;009;2510.00;1011;1
Census Block;25;009;2510.00;1012;1
Census Block;25;009;2510.00;1013;1
Census Block;25;009;2510.00;1014;1
Census Block;25;009;2510.00;1015;1
Census Block;25;009;2510.00;1016;1
Census Block;25;009;2510.00;1017;1
Census Block;25;009;2510.00;1018;1
Census Block;25;009;2510.00;1019;1
Census Block;25;009;2510.00;1020;1
Census Block;25;009;2510.00;1021;1
Census Block;25;009;2510.00;1022;1
Census Block;25;009;2510.00;1023;1
Census Block;25;009;2510.00;1024;1
Census Block;25;009;2510.00;1025;1
Census Block;25;009;2510.00;1026;1
Census Block;25;009;2511.00;1000;1
Census Block;25;009;2511.00;1001;1
Census Block;25;009;2511.00;1002;1
Census Block;25;009;2511.00;1003;1
Census Block;25;009;2511.00;1004;1
Census Block;25;009;2511.00;1005;1
Census Block;25;009;2511.00;1006;1
Census Block;25;009;2511.00;1007;1
Census Block;25;009;2511.00;1008;1
Census Block;25;009;2511.00;1009;1
Census Block;25;009;2511.00;1010;1
Census Block;25;009;2511.00;1011;1
Census Block;25;009;2511.00;2000;1
Census Block;25;009;2511.00;2001;1
Census Block;25;009;2511.00;2002;1
Census Block;25;009;2511.00;2003;1
Census Block;25;009;2511.00;2004;1
Census Block;25;009;2511.00;2005;1
Census Block;25;009;2511.00;2006;1
Census Block;25;009;2511.00;2007;1
Census Block;25;009;2511.00;2008;1
Census Block;25;009;2511.00;3000;1
Census Block;25;009;2511.00;3001;1
Census Block;25;009;2511.00;3002;1
Census Block;25;009;2511.00;3003;1
Census Block;25;009;2511.00;3004;1
Census Block;25;009;2511.00;3005;1
Census Block;25;009;2511.00;3006;1
Census Block;25;009;2511.00;3007;1
Census Block;25;009;2511.00;3008;1
Census Block;25;009;2512.00;1000;1
Census Block;25;009;2512.00;1001;1
Census Block;25;009;2512.00;1002;1
Census Block;25;009;2512.00;1003;1
Census Block;25;009;2512.00;1004;1
Census Block;25;009;2512.00;1005;1
Census Block;25;009;2512.00;1006;1
Census Block;25;009;2512.00;1007;1
Census Block;25;009;2512.00;1008;1
Census Block;25;009;2512.00;1009;1
Census Block;25;009;2512.00;1010;1
Census Block;25;009;2512.00;1011;1
Census Block;25;009;2512.00;1012;1
Census Block;25;009;2512.00;1013;1
Census Block;25;009;2512.00;1014;1
Census Block;25;009;2512.00;1015;1
Census Block;25;009;2513.00;1000;1
Census Block;25;009;2513.00;1001;1
Census Block;25;009;2513.00;1002;1
Census Block;25;009;2513.00;1003;1
Census Block;25;009;2513.00;1004;1
Census Block;25;009;2513.00;1005;1
Census Block;25;009;2513.00;1006;1
Census Block;25;009;2513.00;1007;1
Census Block;25;009;2513.00;1008;1
Census Block;25;009;2513.00;1009;1
Census Block;25;009;2513.00;1010;1
Census Block;25;009;2513.00;1011;1
Census Block;25;009;2513.00;1012;1
Census Block;25;009;2513.00;2000;1
Census Block;25;009;2513.00;2001;1
Census Block;25;009;2513.00;2002;1
Census Block;25;009;2513.00;2003;1
Census Block;25;009;2513.00;2004;1
Census Block;25;009;2513.00;2005;1
Census Block;25;009;2513.00;2006;1
Census Block;25;009;2513.00;2007;1
Census Block;25;009;2513.00;2008;1,2
Census Block;25;009;2513.00;2009;2
Census Block;25;009;2513.00;3000;1,2
Census Block;25;009;2513.00;3001;2
Census Block;25;009;2513.00;3002;1
Census Block;25;009;2513.00;3003;2
Census Block;25;009;2513.00;3004;2
Census Block;25;009;2513.00;3005;1
Census Block;25;009;2513.00;3006;1,2
Census Block;25;009;2514.00;1000;1
Census Block;25;009;2514.00;1001;1
Census Block;25;009;2514.00;1002;1
Census Block;25;009;2514.00;1003;1
Census Block;25;009;2514.00;1004;1
Census Block;25;009;2514.00;1005;1
Census Block;25;009;2514.00;1006;1
Census Block;25;009;2514.00;1007;1
Census Block;25;009;2514.00;1008;1,2
Census Block;25;009;2514.00;1009;1,2
Census Block;25;009;2514.00;1010;2
Census Block;25;009;2514.00;1011;1
Census Block;25;009;2514.00;1012;1
Census Block;25;009;2514.00;1013;2
Census Block;25;009;2514.00;2000;1
Census Block;25;009;2514.00;2001;1
Census Block;25;009;2514.00;2002;1
Census Block;25;009;2514.00;2003;1,2
Census Block;25;009;2514.00;2004;1
Census Block;25;009;2514.00;2005;1
Census Block;25;009;2514.00;2006;1
Census Block;25;009;2514.00;2007;1,2
Census Block;25;009;2514.00;2008;1
Census Block;25;009;2514.00;2009;1,2
Census Block;25;009;2514.00;2010;2
Census Block;25;009;2514.00;2011;1,2
Census Block;25;009;2514.00;2012;1,2
Census Block;25;009;2514.00;2013;1,2
Census Block;25;009;2514.00;2014;2
Census Block;25;009;2514.00;3000;2
Census Block;25;009;2514.00;3001;2
Census Block;25;009;2514.00;3002;2
Census Block;25;009;2514.00;3003;2
Census Block;25;009;2514.00;3004;2
Census Block;25;009;2514.00;3005;2
Census Block;25;009;2514.00;3006;2
Census Block;25;009;2514.00;3007;2
Census Block;25;009;2514.00;3008;2
Census Block;25;009;2514.00;3009;2
Census Block;25;009;2514.00;3010;2
Census Block;25;009;2514.00;3011;2
Census Block;25;009;2514.00;3012;2
Census Block;25;009;2514.00;3013;2
Census Block;25;009;2514.00;4000;1
Census Block;25;009;2514.00;4001;1
Census Block;25;009;2514.00;4002;1,2
Census Block;25;009;2514.00;4003;1
Census Block;25;009;2514.00;4004;1,2
Census Block;25;009;2514.00;4005;1,2
Census Block;25;009;2514.00;4006;1,2
Census Block;25;009;2514.00;4007;2
Census Block;25;009;2514.00;4008;2
Census Block;25;009;2514.00;4009;2
Census Block;25;009;2514.00;4010;2
Census Block;25;009;2514.00;4011;2
Census Block;25;009;2514.00;4012;2
Census Block;25;009;2514.00;4013;2
Census Block;25;009;2514.00;4014;2
Census Block;25;009;2514.00;4015;2
Census Block;25;009;2514.00;4016;2
Census Block;25;009;2514.00;4017;2
Census Block;25;009;2515.00;1000;1
Census Block;25;009;2515.00;1001;1,2
Census Block;25;009;2515.00;1002;1,2
Census Block;25;009;2515.00;1003;2
Census Block;25;009;2515.00;1004;2
Census Block;25;009;2515.00;1005;2
Census Block;25;009;2515.00;1006;2
Census Block;25;009;2515.00;1007;2
Census Block;25;009;2515.00;1008;1,2
Census Block;25;009;2515.00;1009;1
Census Block;25;009;2515.00;1010;1
Census Block;25;009;2515.00;1011;1,2
Census Block;25;009;2515.00;1012;1,2
Census Block;25;009;2515.00;1013;1,2
Census Block;25;009;2515.00;1014;1,2
Census Block;25;009;2515.00;1015;2
Census Block;25;009;2515.00;1016;2
Census Block;25;009;2515.00;1017;2
Census Block;25;009;2515.00;1018;2
Census Block;25;009;2515.00;1019;2
Census Block;25;009;2515.00;1020;2
Census Block;25;009;2515.00;1021;2
Census Block;25;009;2515.00;1022;2
Census Block;25;009;2515.00;1023;2
Census Block;25;009;2515.00;1024;2
Census Block;25;009;2515.00;1025;2
Census Block;25;009;2515.00;1026;2
Census Block;25;009;2515.00;2000;2
Census Block;25;009;2515.00;2001;2
Census Block;25;009;2515.00;2002;2
Census Block;25;009;2515.00;2003;2
Census Block;25;009;2515.00;2004;2
Census Block;25;009;2515.00;2005;2
Census Block;25;009;2515.00;2006;2
Census Block;25;009;2515.00;2007;2
Census Block;25;009;2515.00;2008;2
Census Block;25;009;2515.00;2009;2
Census Block;25;009;2515.00;2010;2
Census Block;25;009;2515.00;2011;2
Census Block;25;009;2515.00;2012;2
Census Block;25;009;2515.00;3000;2
Census Block;25;009;2515.00;3001;2
Census Block;25;009;2515.00;3002;2
Census Block;25;009;2515.00;3003;2
Census Block;25;009;2515.00;3004;2
Census Block;25;009;2515.00;3005;2
Census Block;25;009;2515.00;3006;2
Census Block;25;009;2515.00;3007;2
Census Block;25;009;2515.00;3008;2
Census Block;25;009;2515.00;3009;2
Census Block;25;009;2515.00;3010;2
Census Block;25;009;2515.00;3011;2
Census Block;25;009;2515.00;3012;2
Census Block;25;009;2515.00;3013;2
Census Block;25;009;2515.00;3014;2
Census Block;25;009;2515.00;3015;2
Census Block;25;009;2515.00;3016;2
Census Block;25;009;2515.00;3017;2
Census Block;25;009;2515.00;4000;2
Census Block;25;009;2515.00;4001;2
Census Block;25;009;2515.00;4002;2
Census Block;25;009;2515.00;4003;2
Census Block;25;009;2515.00;4004;2
Census Block;25;009;2515.00;4005;2
Census Block;25;009;2515.00;4006;2
Census Block;25;009;2515.00;4007;2
Census Block;25;009;2515.00;4008;2
Census Block;25;009;2515.00;4009;2
Census Block;25;009;2515.00;4010;2
Census Block;25;009;2515.00;4011;2
Census Block;25;009;2515.00;4012;2
Census Block;25;009;2515.00;4013;2
Census Block;25;009;2515.00;4014;2
Census Block;25;009;2515.00;4015;2
Census Block;25;009;2515.00;4016;2
Census Block;25;009;2515.00;4017;2
Census Block;25;009;2515.00;4018;2
Census Block;25;009;2515.00;5000;2
Census Block;25;009;2515.00;5001;2
Census Block;25;009;2515.00;5002;2
Census Block;25;009;2515.00;5003;2
Census Block;25;009;2515.00;5004;2
Census Block;25;009;2515.00;5005;2
Census Block;25;009;2515.00;5006;2
Census Block;25;009;2515.00;5007;2
Census Block;25;009;2515.00;5008;2
Census Block;25;009;2515.00;5009;2
Census Block;25;009;2515.00;5010;2
Census Block;25;009;2515.00;5011;2
Census Block;25;009;2515.00;5012;2
Census Block;25;009;2515.00;5013;2
Census Block;25;009;2515.00;5014;2
Census Block;25;009;2515.00;5015;2
Census Block;25;009;2515.00;5016;2
Census Block;25;009;2515.00;5017;2
Census Block;25;009;2515.00;5018;2
Census Block;25;009;2515.00;5019;2
Census Block;25;009;2515.00;5020;2
Census Block;25;009;2516.00;1000;1
Census Block;25;009;2516.00;1001;1
Census Block;25;009;2516.00;1002;1
Census Block;25;009;2516.00;1003;1
Census Block;25;009;2516.00;1004;1
Census Block;25;009;2516.00;1005;1
Census Block;25;009;2516.00;1006;1
Census Block;25;009;2516.00;1007;1
Census Block;25;009;2516.00;1008;1
Census Block;25;009;2516.00;1009;1
Census Block;25;009;2516.00;1010;1
Census Block;25;009;2516.00;1011;1
Census Block;25;009;2516.00;1012;1
Census Block;25;009;2516.00;1013;1
Census Block;25;009;2516.00;1014;1,2
Census Block;25;009;2516.00;1015;1
Census Block;25;009;2516.00;1016;1
Census Block;25;009;2516.00;1017;1
Census Block;25;009;2516.00;1018;1
Census Block;25;009;2516.00;1019;1,2
Census Block;25;009;2516.00;1020;1
Census Block;25;009;2516.00;1021;1,2
Census Block;25;009;2516.00;1022;1
Census Block;25;009;2516.00;1023;1
Census Block;25;009;2516.00;1024;1
Census Block;25;009;2516.00;1025;1
Census Block;25;009;2516.00;1026;1
Census Block;25;009;2516.00;1027;1
Census Block;25;009;2516.00;1028;1
Census Block;25;009;2516.00;1029;1,2
Census Block;25;009;2516.00;1030;1
Census Block;25;009;2516.00;1031;1
Census Block;25;009;2516.00;1032;1
Census Block;25;009;2516.00;2000;1,2
Census Block;25;009;2516.00;2001;1,2
Census Block;25;009;2516.00;2002;2
Census Block;25;009;2516.00;2003;2
Census Block;25;009;2516.00;2004;2
Census Block;25;009;2516.00;2005;2
Census Block;25;009;2516.00;2006;2
Census Block;25;009;2516.00;2007;2
Census Block;25;009;2516.00;2008;2
Census Block;25;009;2516.00;2009;2
Census Block;25;009;2516.00;2010;2
Census Block;25;009;2516.00;2011;2
Census Block;25;009;2516.00;3000;2
Census Block;25;009;2516.00;3001;2
Census Block;25;009;2516.00;3002;2
Census Block;25;009;2516.00;3003;2
Census Block;25;009;2516.00;3004;2
Census Block;25;009;2516.00;3005;2
Census Block;25;009;2516.00;3006;2
Census Block;25;009;2516.00;3007;2
Census Block;25;009;2516.00;3008;2
Census Block;25;009;2516.00;3009;2
Census Block;25;009;2516.00;3010;2
Census Block;25;009;2516.00;3011;2
Census Block;25;009;2516.00;3012;2
Census Block;25;009;2516.00;3013;2
Census Block;25;009;2516.00;3014;2
Census Block;25;009;2516.00;3015;2
Census Block;25;009;2516.00;3016;2
Census Block;25;009;2516.00;3017;2
Census Block;25;009;2516.00;3018;2
Census Block;25;009;2516.00;3019;2
Census Block;25;009;2516.00;3020;2
Census Block;25;009;2516.00;3021;2
Census Block;25;009;2516.00;4000;1
Census Block;25;009;2516.00;4001;1
Census Block;25;009;2516.00;4002;1
Census Block;25;009;2516.00;4003;1
Census Block;25;009;2516.00;4004;1
Census Block;25;009;2516.00;4005;1
Census Block;25;009;2516.00;4006;1
Census Block;25;009;2516.00;4007;1
Census Block;25;009;2516.00;4008;1
Census Block;25;009;2516.00;4009;1
Census Block;25;009;2516.00;4010;1
Census Block;25;009;2516.00;4011;1
Census Block;25;009;2516.00;4012;1
Census Block;25;009;2516.00;4013;1
Census Block;25;009;2516.00;4014;1
Census Block;25;009;2516.00;4015;1,2
Census Block;25;009;2516.00;4016;1,2
Census Block;25;009;2516.00;4017;1,2
Census Block;25;009;2516.00;4018;1,2
Census Block;25;009;2516.00;4019;1,2
Census Block;25;009;2516.00;4020;2
Census Block;25;009;2517.00;1000;2
Census Block;25;009;2517.00;1001;2
Census Block;25;009;2517.00;1002;2
Census Block;25;009;2517.00;1003;2
Census Block;25;009;2517.00;1004;2
Census Block;25;009;2517.00;1005;2
Census Block;25;009;2517.00;1006;2
Census Block;25;009;2517.00;1007;2
Census Block;25;009;2517.00;1008;2
Census Block;25;009;2517.00;1009;2
Census Block;25;009;2517.00;1010;2
Census Block;25;009;2517.00;1011;2
Census Block;25;009;2517.00;1012;2
Census Block;25;009;2517.00;2000;2
Census Block;25;009;2517.00;2001;2
Census Block;25;009;2517.00;2002;2
Census Block;25;009;2517.00;2003;2
Census Block;25;009;2517.00;2004;2
Census Block;25;009;2517.00;2005;2
Census Block;25;009;2517.00;2006;2
Census Block;25;009;2517.00;2007;2
Census Block;25;009;2517.00;2008;2
Census Block;25;009;2517.00;2009;2
Census Block;25;009;2517.00;2010;2
Census Block;25;009;2517.00;2011;2
Census Block;25;009;2517.00;2012;2
Census Block;25;009;2517.00;2013;2
Census Block;25;009;2517.00;2014;2
Census Block;25;009;2517.00;2015;2
Census Block;25;009;2517.00;2016;2
Census Block;25;009;2517.00;2017;2
Census Block;25;009;2517.00;2018;2
Census Block;25;009;2517.00;2019;2
Census Block;25;009;2517.00;2020;2
Census Block;25;009;2517.00;2021;2
Census Block;25;009;2517.00;2022;2
Census Block;25;009;2517.00;2023;2
Census Block;25;009;2517.00;2024;2
Census Block;25;009;2517.00;2025;2
Census Block;25;009;2517.00;2026;2
Census Block;25;009;2517.00;2027;2
Census Block;25;009;2517.00;2028;2
Census Block;25;009;2517.00;2029;2
Census Block;25;009;2517.00;2030;2
Census Block;25;009;2517.00;2031;2
Census Block;25;009;2517.00;2032;2
Census Block;25;009;2517.00;2033;2
Census Block;25;009;2517.00;2034;2
Census Block;25;009;2517.00;2035;2
Census Block;25;009;2517.00;2036;2
Census Block;25;009;2517.00;2037;2
Census Block;25;009;2517.00;2038;2
Census Block;25;009;2517.00;2039;2
Census Block;25;009;2517.00;2040;2
Census Block;25;009;2517.00;2041;2
Census Block;25;009;2517.00;3000;1,2
Census Block;25;009;2517.00;3001;2
Census Block;25;009;2517.00;3002;2
Census Block;25;009;2517.00;3003;2
Census Block;25;009;2517.00;3004;2
Census Block;25;009;2517.00;3005;2
Census Block;25;009;2517.00;3006;2
Census Block;25;009;2517.00;3007;2
Census Block;25;009;2517.00;3008;2
Census Block;25;009;2517.00;3009;2
Census Block;25;009;2517.00;3010;2
Census Block;25;009;2517.00;3011;2
Census Block;25;009;2517.00;3012;2
Census Block;25;009;2517.00;3013;2
Census Block;25;009;2517.00;3014;2
Census Block;25;009;2517.00;3015;2
Census Block;25;009;2517.00;3016;2
Census Block;25;009;2517.00;3017;2
Census Block;25;009;2517.00;3018;2
Census Block;25;009;2517.00;3019;2
Census Block;25;009;2517.00;3020;2
Census Block;25;009;2517.00;3021;2
Census Block;25;009;2517.00;4000;2
Census Block;25;009;2517.00;4001;2
Census Block;25;009;2517.00;4002;2
Census Block;25;009;2517.00;4003;2
Census Block;25;009;2517.00;4004;2
Census Block;25;009;2517.00;4005;2
Census Block;25;009;2517.00;4006;2
Census Block;25;009;2517.00;4007;2
Census Block;25;009;2517.00;4008;2
Census Block;25;009;2518.00;1000;2
Census Block;25;009;2518.00;1001;2
Census Block;25;009;2518.00;1002;2
Census Block;25;009;2518.00;1003;2
Census Block;25;009;2518.00;1004;2
Census Block;25;009;2518.00;1005;2
Census Block;25;009;2518.00;1006;2
Census Block;25;009;2518.00;1007;2
Census Block;25;009;2518.00;1008;2
Census Block;25;009;2518.00;1009;2
Census Block;25;009;2518.00;1010;2
Census Block;25;009;2518.00;1011;2
Census Block;25;009;2518.00;1012;2
Census Block;25;009;2518.00;1013;2
Census Block;25;009;2518.00;1014;2
Census Block;25;009;2518.00;1015;2
Census Block;25;009;2518.00;1016;2
Census Block;25;009;2518.00;1017;2
Census Block;25;009;2518.00;1018;2
Census Block;25;009;2518.00;1019;2
Census Block;25;009;2518.00;1020;2
Census Block;25;009;2518.00;1021;2
Census Block;25;009;2518.00;1022;2
Census Block;25;009;2518.00;2000;2
Census Block;25;009;2518.00;2001;2
Census Block;25;009;2518.00;2002;2
Census Block;25;009;2518.00;2003;2
Census Block;25;009;2518.00;2004;2
Census Block;25;009;2518.00;2005;2
Census Block;25;009;2518.00;2006;2
Census Block;25;009;2518.00;2007;2
Census Block;25;009;2518.00;2008;2
Census Block;25;009;2518.00;2009;2
Census Block;25;009;2518.00;2010;2
Census Block;25;009;2518.00;2011;2
Census Block;25;009;2518.00;2012;2
Census Block;25;009;2518.00;2013;2
Census Block;25;009;2518.00;2014;2
Census Block;25;009;2518.00;2015;2
Census Block;25;009;2518.00;2016;2
Census Block;25;009;2518.00;3000;2
Census Block;25;009;2518.00;3001;2
Census Block;25;009;2518.00;3002;2
Census Block;25;009;2518.00;3003;2
Census Block;25;009;2518.00;3004;2
Census Block;25;009;2518.00;3005;2
Census Block;25;009;2518.00;3006;2
Census Block;25;009;2518.00;3007;2
Census Block;25;009;2518.00;3008;2
Census Block;25;009;2518.00;3009;2
Census Block;25;009;2518.00;3010;2
Census Block;25;009;2518.00;3011;2
Census Block;25;009;2518.00;3012;2
Census Block;25;009;2518.00;3013;2
Census Block;25;009;2518.00;3014;2
Census Block;25;009;2518.00;3015;2
Census Block;25;009;2518.00;3016;2
Census Block;25;009;2518.00;3017;2
Census Block;25;009;2518.00;3018;2
Census Block;25;009;2518.00;3019;2
Census Block;25;009;2518.00;3020;2
Census Block;25;009;2518.00;3021;2
Census Block;25;009;2518.00;3022;2
Census Block;25;009;2518.00;3023;2
Census Block;25;009;2518.00;3024;2
Census Block;25;009;2518.00;3025;2
Census Block;25;009;2518.00;3026;2
Census Block;25;009;2518.00;3027;2
Census Block;25;009;2518.00;3028;2
Census Block;25;009;2518.00;3029;2
Census Block;25;009;2518.00;3030;2
Census Block;25;009;2518.00;3031;2
Census Block;25;009;2518.00;3032;2
Census Block;25;009;2518.00;3033;2
Census Block;25;009;2518.00;3034;2
Census Block;25;009;2518.00;3035;2
Census Block;25;009;2518.00;3036;2
Census Block;25;009;2518.00;3037;2
Census Block;25;009;2518.00;4000;2
Census Block;25;009;2518.00;4001;2
Census Block;25;009;2518.00;4002;2
Census Block;25;009;2518.00;4003;2
Census Block;25;009;2518.00;4004;2
Census Block;25;009;2518.00;4005;2
Census Block;25;009;2518.00;4006;2
Census Block;25;009;2518.00;4007;2
Census Block;25;009;2518.00;4008;2
Census Block;25;009;2518.00;4009;2
Census Block;25;009;2518.00;4010;2
Census Block;25;009;2518.00;4011;2
Census Block;25;009;2518.00;4012;2
Census Block;25;009;2518.00;4013;2
Census Block;25;009;2518.00;4014;2
Census Block;25;009;2518.00;4015;2
Census Block;25;009;2518.00;4016;2
Census Block;25;009;2518.00;4017;2
Census Block;25;009;2518.00;4018;2
Census Block;25;009;2518.00;4019;2
Census Block;25;009;2518.00;4020;2
Census Block;25;009;2518.00;4021;2
Census Block;25;009;2518.00;4022;2
Census Block;25;009;2518.00;4023;2
Census Block;25;009;2518.00;4024;2
Census Block;25;009;2518.00;4025;2
Census Block;25;009;2518.00;4026;2
Census Block;25;009;2518.00;4027;2
Census Block;25;009;2518.00;4028;2
Census Block;25;009;2518.00;4029;2
Census Block;25;009;2518.00;4030;2
Census Block;25;009;2518.00;4031;2
Census Block;25;009;2518.00;4032;2
