TYPE;STATE;COUNTY;TRACT;BLOCK;SHEETS
Census Block;25;017;3101.00;1000;2
Census Block;25;017;3101.00;1001;2
Census Block;25;017;3101.00;1002;2
Census Block;25;017;3101.00;1003;2
Census Block;25;017;3101.00;1004;2
Census Block;25;017;3101.00;1005;2
Census Block;25;017;3101.00;1006;2
Census Block;25;017;3101.00;1007;2
Census Block;25;017;3101.00;1008;2
Census Block;25;017;3101.00;1009;2
Census Block;25;017;3101.00;1010;2
Census Block;25;017;3101.00;1011;2
Census Block;25;017;3101.00;1012;2
Census Block;25;017;3101.00;1013;2
Census Block;25;017;3101.00;1014;2
Census Block;25;017;3101.00;1015;2
Census Block;25;017;3101.00;1016;2
Census Block;25;017;3101.00;1017;2
Census Block;25;017;3101.00;1018;2
Census Block;25;017;3101.00;1019;2
Census Block;25;017;3101.00;1020;2
Census Block;25;017;3101.00;1021;2
Census Block;25;017;3101.00;1022;2
Census Block;25;017;3101.00;1023;2
Census Block;25;017;3101.00;1024;2
Census Block;25;017;3101.00;1025;2
Census Block;25;017;3101.00;1026;2
Census Block;25;017;3101.00;1027;2
Census Block;25;017;3101.00;1028;2
Census Block;25;017;3101.00;1029;2
Census Block;25;017;3101.00;1030;2
Census Block;25;017;3101.00;1031;2
Census Block;25;017;3101.00;1032;2
Census Block;25;017;3101.00;1033;2
Census Block;25;017;3101.00;1034;2
Census Block;25;017;3101.00;1035;2
Census Block;25;017;3101.00;1036;2
Census Block;25;017;3101.00;1037;2
Census Block;25;017;3101.00;1038;2
Census Block;25;017;3101.00;1039;2
Census Block;25;017;3101.00;2000;2
Census Block;25;017;3101.00;2001;2
Census Block;25;017;3101.00;2002;2
Census Block;25;017;3101.00;2003;2
Census Block;25;017;3101.00;2004;2
Census Block;25;017;3101.00;2005;2
Census Block;25;017;3101.00;2006;2
Census Block;25;017;3101.00;2007;2
Census Block;25;017;3101.00;2008;2
Census Block;25;017;3101.00;2009;2
Census Block;25;017;3101.00;2010;2
Census Block;25;017;3101.00;2011;2
Census Block;25;017;3101.00;2012;2
Census Block;25;017;3101.00;2013;2
Census Block;25;017;3101.00;2014;2
Census Block;25;017;3101.00;2015;2
Census Block;25;017;3101.00;2016;2
Census Block;25;017;3101.00;2017;2
Census Block;25;017;3101.00;2018;2
Census Block;25;017;3101.00;2019;2
Census Block;25;017;3101.00;2020;2
Census Block;25;017;3101.00;2021;2
Census Block;25;017;3101.00;2022;2
Census Block;25;017;3101.00;2023;2
Census Block;25;017;3101.00;2024;2
Census Block;25;017;3101.00;2025;2
Census Block;25;017;3101.00;2026;2
Census Block;25;017;3101.00;2027;2
Census Block;25;017;3101.00;2028;2
Census Block;25;017;3101.00;3000;2
Census Block;25;017;3101.00;3001;2
Census Block;25;017;3101.00;3002;2
Census Block;25;017;3101.00;3003;2
Census Block;25;017;3101.00;3004;2
Census Block;25;017;3101.00;3005;2
Census Block;25;017;3101.00;3006;2
Census Block;25;017;3101.00;3007;2
Census Block;25;017;3101.00;3008;2
Census Block;25;017;3101.00;3009;2
Census Block;25;017;3101.00;3010;2
Census Block;25;017;3101.00;3011;2
Census Block;25;017;3101.00;3012;2
Census Block;25;017;3101.00;3013;2
Census Block;25;017;3101.00;3014;2
Census Block;25;017;3101.00;3015;2
Census Block;25;017;3101.00;3016;2
Census Block;25;017;3101.00;3017;2
Census Block;25;017;3101.00;3018;2
Census Block;25;017;3101.00;3019;2
Census Block;25;017;3101.00;3020;2
Census Block;25;017;3101.00;3021;2
Census Block;25;017;3101.00;3022;2
Census Block;25;017;3101.00;3023;2
Census Block;25;017;3101.00;3024;2
Census Block;25;017;3101.00;3025;2
Census Block;25;017;3101.00;3026;2
Census Block;25;017;3101.00;3027;2
Census Block;25;017;3101.00;3028;2
Census Block;25;017;3101.00;3029;2
Census Block;25;017;3101.00;3030;2
Census Block;25;017;3101.00;3031;2
Census Block;25;017;3101.00;3032;2
Census Block;25;017;3101.00;3033;2
Census Block;25;017;3101.00;3034;2
Census Block;25;017;3101.00;3035;2
Census Block;25;017;3101.00;3036;2
Census Block;25;017;3101.00;3037;2
Census Block;25;017;3101.00;3038;2
Census Block;25;017;3102.00;1000;2
Census Block;25;017;3102.00;1001;2
Census Block;25;017;3102.00;1002;2
Census Block;25;017;3102.00;1003;2
Census Block;25;017;3102.00;1004;2
Census Block;25;017;3102.00;1005;2
Census Block;25;017;3102.00;1006;2
Census Block;25;017;3102.00;1007;2
Census Block;25;017;3102.00;1008;2
Census Block;25;017;3102.00;1009;2
Census Block;25;017;3102.00;1010;2
Census Block;25;017;3102.00;1011;2
Census Block;25;017;3102.00;1012;2
Census Block;25;017;3102.00;1013;2
Census Block;25;017;3102.00;1014;2
Census Block;25;017;3102.00;1015;2
Census Block;25;017;3102.00;1016;2
Census Block;25;017;3102.00;1017;2
Census Block;25;017;3102.00;1018;2
Census Block;25;017;3102.00;1019;2
Census Block;25;017;3102.00;2000;2
Census Block;25;017;3102.00;2001;2
Census Block;25;017;3102.00;2002;2
Census Block;25;017;3102.00;2003;2
Census Block;25;017;3102.00;2004;2
Census Block;25;017;3102.00;2005;2
Census Block;25;017;3102.00;2006;2
Census Block;25;017;3102.00;2007;2
Census Block;25;017;3102.00;2008;2
Census Block;25;017;3102.00;2009;2
Census Block;25;017;3102.00;2010;2
Census Block;25;017;3102.00;2011;2
Census Block;25;017;3102.00;2012;2
Census Block;25;017;3102.00;2013;2
Census Block;25;017;3102.00;2014;2
Census Block;25;017;3102.00;2015;2
Census Block;25;017;3102.00;3000;2
Census Block;25;017;3102.00;3001;2
Census Block;25;017;3102.00;3002;2
Census Block;25;017;3102.00;3003;2
Census Block;25;017;3102.00;3004;2
Census Block;25;017;3102.00;3005;2
Census Block;25;017;3102.00;3006;2
Census Block;25;017;3102.00;3007;2
Census Block;25;017;3102.00;3008;2
Census Block;25;017;3102.00;3009;2
Census Block;25;017;3102.00;3010;2
Census Block;25;017;3102.00;3011;2
Census Block;25;017;3102.00;3012;2
Census Block;25;017;3102.00;3013;2
Census Block;25;017;3102.00;3014;2
Census Block;25;017;3102.00;3015;2
Census Block;25;017;3102.00;3016;2
Census Block;25;017;3102.00;3017;2
Census Block;25;017;3102.00;3018;2
Census Block;25;017;3102.00;3019;2
Census Block;25;017;3102.00;3020;2
Census Block;25;017;3102.00;3021;2
Census Block;25;017;3102.00;3022;2
Census Block;25;017;3102.00;3023;2
Census Block;25;017;3102.00;3024;2
Census Block;25;017;3102.00;3025;2
Census Block;25;017;3102.00;3026;2
Census Block;25;017;3102.00;3027;2
Census Block;25;017;3102.00;3028;2
Census Block;25;017;3102.00;3029;2
Census Block;25;017;3102.00;3030;2
Census Block;25;017;3102.00;3031;2
Census Block;25;017;3102.00;3032;2
Census Block;25;017;3102.00;3033;2
Census Block;25;017;3102.00;3034;2
Census Block;25;017;3102.00;3035;2
Census Block;25;017;3102.00;3036;2
Census Block;25;017;3102.00;3037;2
Census Block;25;017;3102.00;3038;2
Census Block;25;017;3102.00;3039;2
Census Block;25;017;3102.00;3040;2
Census Block;25;017;3102.00;4000;2
Census Block;25;017;3102.00;4001;2
Census Block;25;017;3102.00;4002;2
Census Block;25;017;3102.00;4003;2
Census Block;25;017;3102.00;4004;2
Census Block;25;017;3102.00;4005;2
Census Block;25;017;3102.00;4006;2
Census Block;25;017;3102.00;4007;2
Census Block;25;017;3102.00;4008;2
Census Block;25;017;3102.00;4009;2
Census Block;25;017;3102.00;4010;2
Census Block;25;017;3102.00;4011;2
Census Block;25;017;3102.00;4012;2
Census Block;25;017;3102.00;5000;2
Census Block;25;017;3102.00;5001;2
Census Block;25;017;3102.00;5002;2
Census Block;25;017;3102.00;5003;2
Census Block;25;017;3102.00;5004;2
Census Block;25;017;3102.00;5005;2
Census Block;25;017;3102.00;5006;2
Census Block;25;017;3102.00;5007;2
Census Block;25;017;3102.00;5008;2
Census Block;25;017;3102.00;5009;2
Census Block;25;017;3102.00;5010;2
Census Block;25;017;3102.00;5011;2
Census Block;25;017;3102.00;5012;2
Census Block;25;017;3102.00;5013;2
Census Block;25;017;3103.00;1000;2
Census Block;25;017;3103.00;1001;2
Census Block;25;017;3103.00;1002;2
Census Block;25;017;3103.00;1003;2
Census Block;25;017;3103.00;1004;2
Census Block;25;017;3103.00;1005;2
Census Block;25;017;3103.00;1006;2
Census Block;25;017;3103.00;1007;2
Census Block;25;017;3103.00;1008;2
Census Block;25;017;3103.00;1009;2
Census Block;25;017;3103.00;1010;2
Census Block;25;017;3103.00;1011;2
Census Block;25;017;3103.00;1012;2
Census Block;25;017;3103.00;2000;2
Census Block;25;017;3103.00;2001;2
Census Block;25;017;3103.00;2002;2
Census Block;25;017;3103.00;2003;2
Census Block;25;017;3103.00;2004;2
Census Block;25;017;3103.00;2005;2
Census Block;25;017;3103.00;2006;2
Census Block;25;017;3103.00;2007;2
Census Block;25;017;3103.00;2008;2
Census Block;25;017;3103.00;2009;2
Census Block;25;017;3103.00;2010;2
Census Block;25;017;3103.00;2011;2
Census Block;25;017;3103.00;2012;2
Census Block;25;017;3103.00;2013;2
Census Block;25;017;3103.00;2014;2
Census Block;25;017;3103.00;3000;2
Census Block;25;017;3103.00;3001;2
Census Block;25;017;3103.00;3002;2
Census Block;25;017;3103.00;3003;2
Census Block;25;017;3103.00;3004;2
Census Block;25;017;3103.00;3005;2
Census Block;25;017;3103.00;3006;2
Census Block;25;017;3103.00;3007;2
Census Block;25;017;3103.00;3008;2
Census Block;25;017;3103.00;3009;2
Census Block;25;017;3103.00;3010;2
Census Block;25;017;3103.00;3011;2
Census Block;25;017;3103.00;3012;2
Census Block;25;017;3103.00;4000;2
Census Block;25;017;3103.00;4001;2
Census Block;25;017;3103.00;4002;2
Census Block;25;017;3103.00;4003;2
Census Block;25;017;3103.00;4004;2
Census Block;25;017;3103.00;4005;2
Census Block;25;017;3103.00;4006;2
Census Block;25;017;3103.00;4007;2
Census Block;25;017;3103.00;4008;2
Census Block;25;017;3103.00;4009;2
Census Block;25;017;3103.00;4010;2
Census Block;25;017;3103.00;4011;2
Census Block;25;017;3103.00;5000;2
Census Block;25;017;3103.00;5001;2
Census Block;25;017;3103.00;5002;2
Census Block;25;017;3103.00;5003;2
Census Block;25;017;3103.00;5004;2
Census Block;25;017;3103.00;5005;2
Census Block;25;017;3103.00;5006;2
Census Block;25;017;3103.00;5007;2
Census Block;25;017;3103.00;5008;2
Census Block;25;017;3103.00;5009;2
Census Block;25;017;3103.00;5010;2
Census Block;25;017;3103.00;5011;2
Census Block;25;017;3103.00;5012;2
Census Block;25;017;3103.00;5013;2
Census Block;25;017;3104.00;1000;2
Census Block;25;017;3104.00;1001;2
Census Block;25;017;3104.00;1002;2
Census Block;25;017;3104.00;1003;2
Census Block;25;017;3104.00;1004;2
Census Block;25;017;3104.00;1005;2
Census Block;25;017;3104.00;1006;2
Census Block;25;017;3104.00;1007;2
Census Block;25;017;3104.00;1008;2
Census Block;25;017;3104.00;1009;2
Census Block;25;017;3104.00;1010;2
Census Block;25;017;3104.00;1011;2
Census Block;25;017;3104.00;1012;2
Census Block;25;017;3104.00;1013;2
Census Block;25;017;3104.00;1014;2
Census Block;25;017;3104.00;1015;2
Census Block;25;017;3104.00;1016;2
Census Block;25;017;3104.00;1017;2
Census Block;25;017;3104.00;1018;2
Census Block;25;017;3104.00;1019;2
Census Block;25;017;3104.00;1020;2
Census Block;25;017;3104.00;2000;2
Census Block;25;017;3104.00;2001;2
Census Block;25;017;3104.00;2002;2
Census Block;25;017;3104.00;2003;2
Census Block;25;017;3104.00;2004;2
Census Block;25;017;3104.00;2005;2
Census Block;25;017;3104.00;2006;2
Census Block;25;017;3104.00;2007;2
Census Block;25;017;3104.00;2008;2
Census Block;25;017;3104.00;2009;2
Census Block;25;017;3104.00;2010;2
Census Block;25;017;3104.00;2011;2
Census Block;25;017;3104.00;2012;2
Census Block;25;017;3104.00;2013;2
Census Block;25;017;3104.00;2014;2
Census Block;25;017;3104.00;2015;2
Census Block;25;017;3104.00;2016;2
Census Block;25;017;3104.00;2017;2
Census Block;25;017;3104.00;2018;2
Census Block;25;017;3104.00;2019;2
Census Block;25;017;3104.00;2020;2
Census Block;25;017;3104.00;2021;2
Census Block;25;017;3104.00;3000;2
Census Block;25;017;3104.00;3001;2
Census Block;25;017;3104.00;3002;2
Census Block;25;017;3104.00;3003;2
Census Block;25;017;3104.00;3004;2
Census Block;25;017;3104.00;3005;2
Census Block;25;017;3104.00;3006;2
Census Block;25;017;3104.00;3007;2
Census Block;25;017;3104.00;3008;2
Census Block;25;017;3104.00;3009;2
Census Block;25;017;3104.00;3010;2
Census Block;25;017;3104.00;3011;2
Census Block;25;017;3104.00;3012;2
Census Block;25;017;3104.00;3013;2
Census Block;25;017;3104.00;3014;2
Census Block;25;017;3104.00;3015;2
Census Block;25;017;3104.00;3016;2
Census Block;25;017;3104.00;3017;2
Census Block;25;017;3104.00;3018;2
Census Block;25;017;3105.00;1000;2
Census Block;25;017;3105.00;1001;2
Census Block;25;017;3105.00;1002;2
Census Block;25;017;3105.00;1003;2
Census Block;25;017;3105.00;1004;2
Census Block;25;017;3105.00;1005;2
Census Block;25;017;3105.00;1006;2
Census Block;25;017;3105.00;1007;2
Census Block;25;017;3105.00;1008;2
Census Block;25;017;3105.00;1009;1,2
Census Block;25;017;3105.00;1010;2
Census Block;25;017;3105.00;1011;2
Census Block;25;017;3105.00;1012;2
Census Block;25;017;3105.00;1013;2
Census Block;25;017;3105.00;1014;2
Census Block;25;017;3105.00;1015;2
Census Block;25;017;3105.00;1016;2
Census Block;25;017;3105.00;1017;2
Census Block;25;017;3105.00;1018;1,2
Census Block;25;017;3105.00;1019;1,2
Census Block;25;017;3105.00;1020;1,2
Census Block;25;017;3105.00;1021;1
Census Block;25;017;3105.00;1022;1,2
Census Block;25;017;3105.00;1023;1,2
Census Block;25;017;3105.00;1024;1,2
Census Block;25;017;3105.00;1025;1
Census Block;25;017;3105.00;1026;1
Census Block;25;017;3105.00;2000;1
Census Block;25;017;3105.00;2001;1
Census Block;25;017;3105.00;2002;1
Census Block;25;017;3105.00;2003;1
Census Block;25;017;3105.00;2004;1
Census Block;25;017;3105.00;2005;1
Census Block;25;017;3105.00;2006;1
Census Block;25;017;3105.00;2007;1
Census Block;25;017;3105.00;2008;1
Census Block;25;017;3105.00;2009;1
Census Block;25;017;3105.00;2010;1
Census Block;25;017;3105.00;2011;1
Census Block;25;017;3105.00;2012;1
Census Block;25;017;3105.00;2013;1
Census Block;25;017;3105.00;2014;1
Census Block;25;017;3105.00;3000;1,2
Census Block;25;017;3105.00;3001;1,2
Census Block;25;017;3105.00;3002;1,2
Census Block;25;017;3105.00;3003;1
Census Block;25;017;3105.00;3004;1,2
Census Block;25;017;3105.00;3005;1,2
Census Block;25;017;3105.00;3006;1
Census Block;25;017;3105.00;3007;1,2
Census Block;25;017;3105.00;3008;2
Census Block;25;017;3105.00;3009;1,2
Census Block;25;017;3105.00;3010;1
Census Block;25;017;3105.00;3011;1
Census Block;25;017;3105.00;3012;1
Census Block;25;017;3105.00;3013;1
Census Block;25;017;3105.00;3014;1,2
Census Block;25;017;3106.01;1000;1
Census Block;25;017;3106.01;1001;1
Census Block;25;017;3106.01;1002;1
Census Block;25;017;3106.01;1003;1
Census Block;25;017;3106.01;1004;1
Census Block;25;017;3106.01;1005;1
Census Block;25;017;3106.01;1006;1
Census Block;25;017;3106.01;1007;1
Census Block;25;017;3106.01;1008;1
Census Block;25;017;3106.01;1009;1
Census Block;25;017;3106.01;1010;1
Census Block;25;017;3106.01;1011;1
Census Block;25;017;3106.01;1012;1
Census Block;25;017;3106.01;1013;1
Census Block;25;017;3106.01;1014;1
Census Block;25;017;3106.01;1015;1
Census Block;25;017;3106.01;1016;1
Census Block;25;017;3106.01;1017;1
Census Block;25;017;3106.01;1018;1
Census Block;25;017;3106.01;1019;1
Census Block;25;017;3106.01;1020;1
Census Block;25;017;3106.01;1021;1
Census Block;25;017;3106.01;1022;1
Census Block;25;017;3106.01;1023;1
Census Block;25;017;3106.01;1024;1
Census Block;25;017;3106.01;1025;1
Census Block;25;017;3106.01;1026;1
Census Block;25;017;3106.01;1027;1
Census Block;25;017;3106.01;2000;1
Census Block;25;017;3106.01;2001;1
Census Block;25;017;3106.01;2002;1
Census Block;25;017;3106.01;2003;1
Census Block;25;017;3106.01;2004;1
Census Block;25;017;3106.01;2005;1
Census Block;25;017;3106.01;2006;1
Census Block;25;017;3106.01;2007;1
Census Block;25;017;3106.01;2008;1
Census Block;25;017;3106.01;2009;1
Census Block;25;017;3106.01;2010;1
Census Block;25;017;3106.01;2011;1
Census Block;25;017;3106.01;2012;1
Census Block;25;017;3106.01;2013;1
Census Block;25;017;3106.01;2014;1
Census Block;25;017;3106.01;2015;1
Census Block;25;017;3106.01;3000;1
Census Block;25;017;3106.01;3001;1
Census Block;25;017;3106.01;3002;1
Census Block;25;017;3106.01;3003;1
Census Block;25;017;3106.01;3004;1
Census Block;25;017;3106.01;3005;1
Census Block;25;017;3106.01;3006;1
Census Block;25;017;3106.01;3007;1
Census Block;25;017;3106.01;3008;1
Census Block;25;017;3106.01;3009;1
Census Block;25;017;3106.01;3010;1
Census Block;25;017;3106.01;3011;1
Census Block;25;017;3106.01;3012;1
Census Block;25;017;3106.01;3013;1
Census Block;25;017;3106.01;3014;1
Census Block;25;017;3106.01;3015;1
Census Block;25;017;3106.01;3016;1
Census Block;25;017;3106.02;1000;1
Census Block;25;017;3106.02;1001;1
Census Block;25;017;3106.02;1002;1
Census Block;25;017;3106.02;1003;1
Census Block;25;017;3106.02;1004;1
Census Block;25;017;3106.02;1005;1
Census Block;25;017;3106.02;1006;1
Census Block;25;017;3106.02;1007;1
Census Block;25;017;3106.02;1008;1
Census Block;25;017;3106.02;1009;1
Census Block;25;017;3106.02;1010;1
Census Block;25;017;3106.02;1011;1
Census Block;25;017;3106.02;1012;1
Census Block;25;017;3106.02;1013;1
Census Block;25;017;3106.02;1014;1
Census Block;25;017;3106.02;1015;1
Census Block;25;017;3106.02;1016;1
Census Block;25;017;3106.02;1017;1
Census Block;25;017;3106.02;1018;1
Census Block;25;017;3106.02;1019;1
Census Block;25;017;3106.02;1020;1
Census Block;25;017;3106.02;1021;1
Census Block;25;017;3106.02;1022;1
Census Block;25;017;3106.02;1023;1
Census Block;25;017;3106.02;1024;1
Census Block;25;017;3106.02;1025;1
Census Block;25;017;3106.02;1026;1
Census Block;25;017;3106.02;1027;1
Census Block;25;017;3106.02;1028;1
Census Block;25;017;3106.02;1029;1
Census Block;25;017;3106.02;1030;1
Census Block;25;017;3106.02;1031;1
Census Block;25;017;3106.02;1032;1
Census Block;25;017;3106.02;1033;1
Census Block;25;017;3106.02;1034;1
Census Block;25;017;3106.02;1035;1
Census Block;25;017;3106.02;1036;1
Census Block;25;017;3106.02;1037;1
Census Block;25;017;3106.02;1038;1
Census Block;25;017;3106.02;1039;1
Census Block;25;017;3106.02;1040;1
Census Block;25;017;3106.02;1041;1
Census Block;25;017;3106.02;1042;1
Census Block;25;017;3106.02;1043;1
Census Block;25;017;3106.02;1044;1
Census Block;25;017;3106.02;1045;1
Census Block;25;017;3106.02;1046;1
Census Block;25;017;3106.02;1047;1
Census Block;25;017;3106.02;2000;1
Census Block;25;017;3106.02;2001;1
Census Block;25;017;3106.02;2002;1
Census Block;25;017;3106.02;2003;1
Census Block;25;017;3106.02;2004;1
Census Block;25;017;3106.02;2005;1
Census Block;25;017;3106.02;2006;1
Census Block;25;017;3106.02;2007;1
Census Block;25;017;3106.02;2008;1
Census Block;25;017;3106.02;2009;1
Census Block;25;017;3106.02;2010;1
Census Block;25;017;3106.02;2011;1
Census Block;25;017;3106.02;2012;1
Census Block;25;017;3106.02;2013;1
Census Block;25;017;3106.02;2014;1
Census Block;25;017;3106.02;2015;1
Census Block;25;017;3106.02;2016;1
Census Block;25;017;3106.02;2017;1
Census Block;25;017;3106.02;2018;1
Census Block;25;017;3106.02;2019;1
Census Block;25;017;3106.02;2020;1
Census Block;25;017;3106.02;2021;1
Census Block;25;017;3106.02;2022;1
Census Block;25;017;3106.02;2023;1
Census Block;25;017;3106.02;2024;1
Census Block;25;017;3106.02;2025;1
Census Block;25;017;3106.02;2026;1
Census Block;25;017;3106.02;2027;1
Census Block;25;017;3106.02;2028;1
Census Block;25;017;3106.02;2029;1
Census Block;25;017;3106.02;2030;1
Census Block;25;017;3106.02;2031;1
Census Block;25;017;3106.02;2032;1
Census Block;25;017;3106.02;3000;1
Census Block;25;017;3106.02;3001;1
Census Block;25;017;3106.02;3002;1
Census Block;25;017;3106.02;3003;1
Census Block;25;017;3106.02;3004;1
Census Block;25;017;3106.02;3005;1
Census Block;25;017;3106.02;3006;1
Census Block;25;017;3106.02;3007;1
Census Block;25;017;3106.02;3008;1
Census Block;25;017;3106.02;3009;1
Census Block;25;017;3106.02;3010;1
Census Block;25;017;3106.02;4000;1
Census Block;25;017;3106.02;4001;1
Census Block;25;017;3106.02;4002;1
Census Block;25;017;3106.02;4003;1
Census Block;25;017;3106.02;4004;1
Census Block;25;017;3106.02;4005;1
Census Block;25;017;3106.02;4006;1
Census Block;25;017;3106.02;4007;1
Census Block;25;017;3106.02;4008;1
Census Block;25;017;3106.02;4009;1
Census Block;25;017;3106.02;4010;1
Census Block;25;017;3106.02;4011;1
Census Block;25;017;3106.02;4012;1
Census Block;25;017;3106.02;4013;1
Census Block;25;017;3106.02;4014;1
Census Block;25;017;3106.02;4015;1
Census Block;25;017;3106.02;4016;1
Census Block;25;017;3106.02;4017;1
Census Block;25;017;3106.02;4018;1
Census Block;25;017;3106.02;4019;1
Census Block;25;017;3107.00;1000;1
Census Block;25;017;3107.00;1001;1
Census Block;25;017;3107.00;1002;1
Census Block;25;017;3107.00;1003;1
Census Block;25;017;3107.00;1004;1
Census Block;25;017;3107.00;1005;1
Census Block;25;017;3107.00;1006;1
Census Block;25;017;3107.00;1007;1
Census Block;25;017;3107.00;1008;1,2
Census Block;25;017;3107.00;1009;1,2
Census Block;25;017;3107.00;1010;1,2
Census Block;25;017;3107.00;1011;1,2
Census Block;25;017;3107.00;1012;1,2
Census Block;25;017;3107.00;1013;1,2
Census Block;25;017;3107.00;1014;1,2
Census Block;25;017;3107.00;1015;1
Census Block;25;017;3107.00;1016;1
Census Block;25;017;3107.00;1017;1
Census Block;25;017;3107.00;1018;1
Census Block;25;017;3107.00;2000;1
Census Block;25;017;3107.00;2001;1
Census Block;25;017;3107.00;2002;1
Census Block;25;017;3107.00;2003;1
Census Block;25;017;3107.00;2004;1
Census Block;25;017;3107.00;2005;1
Census Block;25;017;3107.00;2006;1
Census Block;25;017;3107.00;2007;1
Census Block;25;017;3107.00;2008;1
Census Block;25;017;3107.00;2009;1
Census Block;25;017;3107.00;2010;1
Census Block;25;017;3107.00;2011;1
Census Block;25;017;3107.00;2012;1
Census Block;25;017;3107.00;2013;1
Census Block;25;017;3107.00;2014;1
Census Block;25;017;3107.00;2015;1
Census Block;25;017;3107.00;2016;1
Census Block;25;017;3107.00;3000;1,2
Census Block;25;017;3107.00;3001;1,2
Census Block;25;017;3107.00;3002;1,2
Census Block;25;017;3107.00;3003;1,2
Census Block;25;017;3107.00;3004;2
Census Block;25;017;3107.00;3005;2
Census Block;25;017;3107.00;3006;2
Census Block;25;017;3107.00;3007;2
Census Block;25;017;3107.00;3008;1,2
Census Block;25;017;3107.00;3009;1,2
Census Block;25;017;3107.00;3010;2
Census Block;25;017;3107.00;3011;2
Census Block;25;017;3107.00;3012;2
Census Block;25;017;3111.00;1000;2
Census Block;25;017;3111.00;1001;2
Census Block;25;017;3111.00;1002;2
Census Block;25;017;3111.00;1003;2
Census Block;25;017;3111.00;1004;2
Census Block;25;017;3111.00;1005;2
Census Block;25;017;3111.00;1006;2
Census Block;25;017;3111.00;1007;2
Census Block;25;017;3111.00;1008;2
Census Block;25;017;3111.00;2000;2
Census Block;25;017;3111.00;2001;2
Census Block;25;017;3111.00;2002;2
Census Block;25;017;3111.00;2003;2
Census Block;25;017;3111.00;2004;2
Census Block;25;017;3111.00;2005;2
Census Block;25;017;3111.00;2006;2
Census Block;25;017;3111.00;2007;2
Census Block;25;017;3111.00;2008;2
Census Block;25;017;3111.00;2009;2
Census Block;25;017;3111.00;2010;2
Census Block;25;017;3111.00;2011;2
Census Block;25;017;3111.00;2012;2
Census Block;25;017;3111.00;2013;2
Census Block;25;017;3111.00;2014;2
Census Block;25;017;3111.00;2015;2
Census Block;25;017;3111.00;2016;2
Census Block;25;017;3111.00;2017;2
Census Block;25;017;3111.00;2018;2
Census Block;25;017;3111.00;2019;2
Census Block;25;017;3111.00;2020;2
Census Block;25;017;3111.00;2021;2
Census Block;25;017;3111.00;2022;2
Census Block;25;017;3111.00;2023;2
Census Block;25;017;3111.00;2024;2
Census Block;25;017;3111.00;2025;2
Census Block;25;017;3112.00;1000;2
Census Block;25;017;3112.00;1001;2
Census Block;25;017;3112.00;1002;2
Census Block;25;017;3112.00;1003;2
Census Block;25;017;3112.00;1004;2
Census Block;25;017;3112.00;1005;2
Census Block;25;017;3112.00;1006;2
Census Block;25;017;3112.00;1007;2
Census Block;25;017;3112.00;1008;2
Census Block;25;017;3112.00;1009;2
Census Block;25;017;3112.00;1010;2
Census Block;25;017;3112.00;1011;2
Census Block;25;017;3112.00;1012;2
Census Block;25;017;3112.00;1013;2,4
Census Block;25;017;3112.00;1014;2,4
Census Block;25;017;3112.00;1015;2,4
Census Block;25;017;3112.00;1016;2
Census Block;25;017;3112.00;1017;2
Census Block;25;017;3112.00;1018;2,4
Census Block;25;017;3112.00;1019;4
Census Block;25;017;3112.00;1020;4
Census Block;25;017;3112.00;2000;1,2
Census Block;25;017;3112.00;2001;1
Census Block;25;017;3112.00;2002;1,2
Census Block;25;017;3112.00;2003;1,2
Census Block;25;017;3112.00;2004;1,2
Census Block;25;017;3112.00;2005;1
Census Block;25;017;3112.00;2006;2
Census Block;25;017;3112.00;2007;1,2
Census Block;25;017;3112.00;2008;1,2,3,4
Census Block;25;017;3112.00;2009;1,3
Census Block;25;017;3112.00;2010;1,3
Census Block;25;017;3112.00;2011;3
Census Block;25;017;3112.00;2012;3,4
Census Block;25;017;3112.00;2013;4
Census Block;25;017;3112.00;2014;2,4
Census Block;25;017;3112.00;2015;3,4
Census Block;25;017;3112.00;2016;3,4
Census Block;25;017;3113.00;1000;1
Census Block;25;017;3113.00;1001;1
Census Block;25;017;3113.00;1002;1
Census Block;25;017;3113.00;1003;1
Census Block;25;017;3113.00;1004;1
Census Block;25;017;3113.00;1005;1,3
Census Block;25;017;3113.00;1006;1
Census Block;25;017;3113.00;1007;1,3
Census Block;25;017;3113.00;1008;3
Census Block;25;017;3113.00;1009;3
Census Block;25;017;3113.00;2000;1
Census Block;25;017;3113.00;2001;1
Census Block;25;017;3113.00;2002;1
Census Block;25;017;3113.00;2003;1
Census Block;25;017;3113.00;2004;1
Census Block;25;017;3113.00;2005;1,3
Census Block;25;017;3113.00;2006;1,3
Census Block;25;017;3113.00;2007;1,3
Census Block;25;017;3113.00;2008;3
Census Block;25;017;3113.00;2009;3
Census Block;25;017;3113.00;2010;3
Census Block;25;017;3113.00;2011;3
Census Block;25;017;3113.00;2012;3
Census Block;25;017;3113.00;3000;1
Census Block;25;017;3113.00;3001;1
Census Block;25;017;3113.00;3002;1
Census Block;25;017;3113.00;3003;1,3
Census Block;25;017;3113.00;3004;1
Census Block;25;017;3113.00;3005;1,3
Census Block;25;017;3113.00;3006;1
Census Block;25;017;3113.00;3007;1,3
Census Block;25;017;3113.00;3008;3
Census Block;25;017;3113.00;3009;3
Census Block;25;017;3113.00;3010;3
Census Block;25;017;3113.00;3011;3
Census Block;25;017;3113.00;3012;1,3
Census Block;25;017;3114.00;1000;1
Census Block;25;017;3114.00;1001;1
Census Block;25;017;3114.00;1002;1
Census Block;25;017;3114.00;1003;1,3
Census Block;25;017;3114.00;1004;1,3
Census Block;25;017;3114.00;1005;3
Census Block;25;017;3114.00;1006;3
Census Block;25;017;3114.00;1007;1
Census Block;25;017;3114.00;1008;1,3
Census Block;25;017;3114.00;1009;1,3
Census Block;25;017;3114.00;1010;3
Census Block;25;017;3114.00;1011;3
Census Block;25;017;3114.00;1012;3
Census Block;25;017;3114.00;1013;3
Census Block;25;017;3114.00;1014;3
Census Block;25;017;3114.00;1015;3
Census Block;25;017;3114.00;1016;3
Census Block;25;017;3114.00;1017;3
Census Block;25;017;3114.00;1018;3
Census Block;25;017;3114.00;1019;3
Census Block;25;017;3114.00;1020;3
Census Block;25;017;3114.00;1021;3
Census Block;25;017;3114.00;1022;3
Census Block;25;017;3114.00;1023;3
Census Block;25;017;3114.00;1024;1
Census Block;25;017;3114.00;1025;1
Census Block;25;017;3114.00;2000;1,3
Census Block;25;017;3114.00;2001;1,3
Census Block;25;017;3114.00;2002;1,3
Census Block;25;017;3114.00;2003;1,3
Census Block;25;017;3114.00;2004;3
Census Block;25;017;3114.00;2005;3
Census Block;25;017;3114.00;2006;3
Census Block;25;017;3114.00;2007;3
Census Block;25;017;3114.00;2008;3
Census Block;25;017;3114.00;2009;3
Census Block;25;017;3114.00;2010;3
Census Block;25;017;3114.00;2011;3
Census Block;25;017;3114.00;2012;3
Census Block;25;017;3114.00;2013;3
Census Block;25;017;3114.00;2014;3
Census Block;25;017;3114.00;2015;3
Census Block;25;017;3114.00;2016;3
Census Block;25;017;3114.00;2017;3
Census Block;25;017;3114.00;2018;3
Census Block;25;017;3114.00;2019;3
Census Block;25;017;3114.00;3000;3
Census Block;25;017;3114.00;3001;3
Census Block;25;017;3114.00;3002;3
Census Block;25;017;3114.00;3003;3
Census Block;25;017;3114.00;3004;3
Census Block;25;017;3114.00;3005;3
Census Block;25;017;3114.00;3006;3
Census Block;25;017;3114.00;3007;3
Census Block;25;017;3114.00;3008;3
Census Block;25;017;3114.00;3009;3
Census Block;25;017;3114.00;3010;3
Census Block;25;017;3114.00;3011;3
Census Block;25;017;3114.00;3012;3
Census Block;25;017;3114.00;3013;3
Census Block;25;017;3114.00;3014;3
Census Block;25;017;3114.00;3015;3
Census Block;25;017;3114.00;3016;3
Census Block;25;017;3114.00;3017;3
Census Block;25;017;3114.00;3018;3
Census Block;25;017;3114.00;3019;3
Census Block;25;017;3114.00;3020;3
Census Block;25;017;3114.00;3021;3
Census Block;25;017;3114.00;3022;3
Census Block;25;017;3114.00;3023;3
Census Block;25;017;3114.00;3024;3
Census Block;25;017;3114.00;3025;3
Census Block;25;017;3114.00;4000;1,3
Census Block;25;017;3114.00;4001;3
Census Block;25;017;3114.00;4002;3
Census Block;25;017;3114.00;4003;1,3
Census Block;25;017;3114.00;4004;1,3
Census Block;25;017;3114.00;4005;1,3
Census Block;25;017;3114.00;4006;3
Census Block;25;017;3114.00;4007;3
Census Block;25;017;3114.00;4008;3
Census Block;25;017;3114.00;4009;3
Census Block;25;017;3114.00;4010;3
Census Block;25;017;3114.00;4011;3
Census Block;25;017;3114.00;4012;3
Census Block;25;017;3114.00;4013;3
Census Block;25;017;3114.00;4014;3
Census Block;25;017;3114.00;4015;3
Census Block;25;017;3114.00;4016;3
Census Block;25;017;3114.00;4017;3
Census Block;25;017;3115.00;1000;3
Census Block;25;017;3115.00;1001;3
Census Block;25;017;3115.00;1002;3
Census Block;25;017;3115.00;1003;3
Census Block;25;017;3115.00;1004;3
Census Block;25;017;3115.00;1005;3
Census Block;25;017;3115.00;1006;3
Census Block;25;017;3115.00;1007;3
Census Block;25;017;3115.00;1008;3
Census Block;25;017;3115.00;1009;3
Census Block;25;017;3115.00;1010;3
Census Block;25;017;3115.00;1011;3
Census Block;25;017;3115.00;1012;3
Census Block;25;017;3115.00;1013;3
Census Block;25;017;3115.00;1014;3
Census Block;25;017;3115.00;2000;3
Census Block;25;017;3115.00;2001;3
Census Block;25;017;3115.00;2002;3
Census Block;25;017;3115.00;2003;3
Census Block;25;017;3115.00;2004;3
Census Block;25;017;3115.00;2005;3
Census Block;25;017;3115.00;2006;3
Census Block;25;017;3115.00;2007;3
Census Block;25;017;3115.00;2008;3
Census Block;25;017;3115.00;2009;3
Census Block;25;017;3115.00;3000;3
Census Block;25;017;3115.00;3001;3
Census Block;25;017;3115.00;3002;3
Census Block;25;017;3115.00;3003;3
Census Block;25;017;3115.00;3004;3
Census Block;25;017;3115.00;3005;3
Census Block;25;017;3115.00;3006;3
Census Block;25;017;3115.00;3007;3
Census Block;25;017;3115.00;3008;3
Census Block;25;017;3115.00;3009;3
Census Block;25;017;3115.00;3010;3
Census Block;25;017;3115.00;3011;3
Census Block;25;017;3115.00;3012;3
Census Block;25;017;3115.00;3013;3
Census Block;25;017;3115.00;3014;3
Census Block;25;017;3115.00;3015;3
Census Block;25;017;3116.00;1000;3
Census Block;25;017;3116.00;1001;3
Census Block;25;017;3116.00;1002;3
Census Block;25;017;3116.00;1003;3
Census Block;25;017;3116.00;1004;3
Census Block;25;017;3116.00;1005;3
Census Block;25;017;3116.00;1006;3
Census Block;25;017;3116.00;1007;3
Census Block;25;017;3116.00;1008;3
Census Block;25;017;3116.00;1009;3
Census Block;25;017;3116.00;1010;3
Census Block;25;017;3116.00;1011;3
Census Block;25;017;3116.00;1012;3
Census Block;25;017;3116.00;1013;3
Census Block;25;017;3116.00;1014;3
Census Block;25;017;3116.00;1015;3
Census Block;25;017;3116.00;1016;3
Census Block;25;017;3116.00;1017;3
Census Block;25;017;3116.00;1018;3
Census Block;25;017;3116.00;1019;3
Census Block;25;017;3116.00;1020;3
Census Block;25;017;3116.00;1021;3
Census Block;25;017;3116.00;1022;3
Census Block;25;017;3116.00;1023;3
Census Block;25;017;3116.00;1024;3
Census Block;25;017;3116.00;1025;3
Census Block;25;017;3116.00;1026;3
Census Block;25;017;3116.00;1027;3,4
Census Block;25;017;3116.00;1028;3,4
Census Block;25;017;3116.00;1029;3
Census Block;25;017;3116.00;1030;3
Census Block;25;017;3116.00;1031;3
Census Block;25;017;3116.00;1032;3
Census Block;25;017;3116.00;1033;3
Census Block;25;017;3116.00;1034;3
Census Block;25;017;3116.00;1035;3
Census Block;25;017;3116.00;1036;3
Census Block;25;017;3116.00;1037;3
Census Block;25;017;3116.00;1038;3
Census Block;25;017;3116.00;1039;3
Census Block;25;017;3116.00;1040;3
Census Block;25;017;3116.00;2000;4
Census Block;25;017;3116.00;2001;4
Census Block;25;017;3116.00;2002;3,4
Census Block;25;017;3116.00;2003;3,4
Census Block;25;017;3116.00;2004;3
Census Block;25;017;3116.00;2005;3,4
Census Block;25;017;3116.00;2006;3,4
Census Block;25;017;3116.00;2007;3,4
Census Block;25;017;3116.00;2008;4
Census Block;25;017;3116.00;2009;3,4
Census Block;25;017;3116.00;2010;3,4
Census Block;25;017;3116.00;2011;4
Census Block;25;017;3116.00;2012;4
Census Block;25;017;3116.00;2013;3,4
Census Block;25;017;3116.00;2014;4
Census Block;25;017;3116.00;2015;3,4
Census Block;25;017;3116.00;2016;3,4
Census Block;25;017;3116.00;2017;3,4
Census Block;25;017;3116.00;3000;3
Census Block;25;017;3116.00;3001;3
Census Block;25;017;3116.00;3002;3
Census Block;25;017;3116.00;3003;3
Census Block;25;017;3116.00;3004;3
Census Block;25;017;3116.00;3005;3
Census Block;25;017;3116.00;3006;3
Census Block;25;017;3116.00;3007;3
Census Block;25;017;3116.00;3008;3
Census Block;25;017;3116.00;3009;3
Census Block;25;017;3116.00;3010;3
Census Block;25;017;3116.00;3011;3
Census Block;25;017;3116.00;3012;3
Census Block;25;017;3116.00;3013;3
Census Block;25;017;3116.00;3014;3
Census Block;25;017;3116.00;3015;3
Census Block;25;017;3116.00;4000;4
Census Block;25;017;3116.00;4001;4
Census Block;25;017;3116.00;4002;4
Census Block;25;017;3116.00;4003;4
Census Block;25;017;3116.00;4004;4
Census Block;25;017;3116.00;4005;4
Census Block;25;017;3116.00;4006;4
Census Block;25;017;3116.00;4007;4
Census Block;25;017;3116.00;4008;4
Census Block;25;017;3116.00;4009;4
Census Block;25;017;3116.00;4010;4
Census Block;25;017;3116.00;4011;4
Census Block;25;017;3116.00;4012;4
Census Block;25;017;3116.00;4013;4
Census Block;25;017;3116.00;4014;4
Census Block;25;017;3116.00;4015;4
Census Block;25;017;3116.00;4016;3,4
Census Block;25;017;3116.00;4017;4
Census Block;25;017;3116.00;4018;4
Census Block;25;017;3116.00;4019;4
Census Block;25;017;3116.00;4020;4
Census Block;25;017;3116.00;4021;4
Census Block;25;017;3116.00;4022;4
Census Block;25;017;3116.00;4023;4
Census Block;25;017;3116.00;4024;4
Census Block;25;017;3116.00;4025;4
Census Block;25;017;3116.00;4026;4
Census Block;25;017;3116.00;4027;4
Census Block;25;017;3116.00;4028;4
Census Block;25;017;3116.00;4029;4
Census Block;25;017;3116.00;4030;4
Census Block;25;017;3116.00;4031;4
Census Block;25;017;3116.00;4032;4
Census Block;25;017;3116.00;4033;4
Census Block;25;017;3116.00;4034;4
Census Block;25;017;3116.00;4035;4
Census Block;25;017;3116.00;4036;4
Census Block;25;017;3116.00;4037;4
Census Block;25;017;3116.00;4038;4
Census Block;25;017;3116.00;4039;4
Census Block;25;017;3116.00;4040;4
Census Block;25;017;3116.00;4041;4
Census Block;25;017;3116.00;4042;4
Census Block;25;017;3116.00;4043;4
Census Block;25;017;3116.00;4044;4
Census Block;25;017;3116.00;4045;4
Census Block;25;017;3116.00;4046;4
Census Block;25;017;3116.00;4047;4
Census Block;25;017;3116.00;5000;4
Census Block;25;017;3116.00;5001;4
Census Block;25;017;3116.00;5002;4
Census Block;25;017;3116.00;5003;4
Census Block;25;017;3116.00;5004;3,4
Census Block;25;017;3116.00;5005;3
Census Block;25;017;3116.00;5006;3
Census Block;25;017;3116.00;5007;3
Census Block;25;017;3116.00;5008;3
Census Block;25;017;3116.00;5009;3,4
Census Block;25;017;3116.00;5010;3
Census Block;25;017;3116.00;5011;3,4
Census Block;25;017;3116.00;5012;4
Census Block;25;017;3116.00;5013;4
Census Block;25;017;3116.00;5014;3,4
Census Block;25;017;3116.00;5015;3
Census Block;25;017;3117.00;1000;4
Census Block;25;017;3117.00;1001;4
Census Block;25;017;3117.00;1002;4
Census Block;25;017;3117.00;1003;4
Census Block;25;017;3117.00;1004;4
Census Block;25;017;3117.00;1005;4
Census Block;25;017;3117.00;1006;4
Census Block;25;017;3117.00;1007;4
Census Block;25;017;3117.00;1008;3,4
Census Block;25;017;3117.00;1009;3
Census Block;25;017;3117.00;1010;3
Census Block;25;017;3117.00;1011;3,4
Census Block;25;017;3117.00;1012;4
Census Block;25;017;3117.00;1013;4
Census Block;25;017;3117.00;1014;4
Census Block;25;017;3117.00;1015;3,4
Census Block;25;017;3117.00;1016;4
Census Block;25;017;3117.00;1017;4
Census Block;25;017;3117.00;2000;4
Census Block;25;017;3117.00;2001;4
Census Block;25;017;3117.00;2002;4
Census Block;25;017;3117.00;2003;4
Census Block;25;017;3117.00;2004;3,4
Census Block;25;017;3117.00;2005;3
Census Block;25;017;3117.00;2006;3
Census Block;25;017;3117.00;2007;3
Census Block;25;017;3117.00;2008;3,4
Census Block;25;017;3117.00;2009;4
Census Block;25;017;3117.00;2010;4
Census Block;25;017;3117.00;2011;4
Census Block;25;017;3117.00;2012;4
Census Block;25;017;3117.00;2013;3,4
Census Block;25;017;3117.00;3000;4
Census Block;25;017;3117.00;3001;4
Census Block;25;017;3117.00;3002;4
Census Block;25;017;3117.00;3003;4
Census Block;25;017;3117.00;3004;4
Census Block;25;017;3117.00;3005;4
Census Block;25;017;3117.00;3006;4
Census Block;25;017;3117.00;3007;4
Census Block;25;017;3117.00;3008;4
Census Block;25;017;3117.00;3009;4
Census Block;25;017;3117.00;3010;4
Census Block;25;017;3117.00;3011;4
Census Block;25;017;3117.00;3012;3,4
Census Block;25;017;3117.00;3013;4
Census Block;25;017;3117.00;3014;3
Census Block;25;017;3117.00;3015;3
Census Block;25;017;3117.00;3016;3
Census Block;25;017;3117.00;4000;4
Census Block;25;017;3117.00;4001;3,4
Census Block;25;017;3117.00;4002;3
Census Block;25;017;3117.00;4003;3
Census Block;25;017;3117.00;4004;3
Census Block;25;017;3117.00;4005;3
Census Block;25;017;3117.00;4006;3
Census Block;25;017;3117.00;4007;3
Census Block;25;017;3117.00;4008;3
Census Block;25;017;3117.00;4009;3
Census Block;25;017;3117.00;4010;3
Census Block;25;017;3117.00;4011;3,4
Census Block;25;017;3117.00;4012;3,4
Census Block;25;017;3117.00;4013;4
Census Block;25;017;3117.00;4014;4
Census Block;25;017;3117.00;4015;3
Census Block;25;017;3117.00;4016;3
Census Block;25;017;3118.00;1000;2
Census Block;25;017;3118.00;1001;2
Census Block;25;017;3118.00;1002;2,4
Census Block;25;017;3118.00;1003;2,4
Census Block;25;017;3118.00;1004;4
Census Block;25;017;3118.00;1005;4
Census Block;25;017;3118.00;1006;2,4
Census Block;25;017;3118.00;1007;2,4
Census Block;25;017;3118.00;1008;4
Census Block;25;017;3118.00;1009;4
Census Block;25;017;3118.00;1010;4
Census Block;25;017;3118.00;1011;4
Census Block;25;017;3118.00;1012;4
Census Block;25;017;3118.00;1013;4
Census Block;25;017;3118.00;1014;4
Census Block;25;017;3118.00;1015;4
Census Block;25;017;3118.00;1016;4
Census Block;25;017;3118.00;1017;4
Census Block;25;017;3118.00;1018;4
Census Block;25;017;3118.00;1019;4
Census Block;25;017;3118.00;1020;4
Census Block;25;017;3118.00;1021;4
Census Block;25;017;3118.00;1022;4
Census Block;25;017;3118.00;2000;2,4
Census Block;25;017;3118.00;2001;2,4
Census Block;25;017;3118.00;2002;4
Census Block;25;017;3118.00;2003;4
Census Block;25;017;3118.00;2004;4
Census Block;25;017;3118.00;2005;4
Census Block;25;017;3118.00;2006;4
Census Block;25;017;3119.00;1000;2
Census Block;25;017;3119.00;1001;2
Census Block;25;017;3119.00;1002;2
Census Block;25;017;3119.00;1003;2
Census Block;25;017;3119.00;1004;2
Census Block;25;017;3119.00;1005;2
Census Block;25;017;3119.00;1006;2
Census Block;25;017;3119.00;1007;2
Census Block;25;017;3119.00;1008;2
Census Block;25;017;3119.00;1009;2
Census Block;25;017;3119.00;1010;2
Census Block;25;017;3119.00;1011;2
Census Block;25;017;3119.00;1012;2
Census Block;25;017;3119.00;1013;2
Census Block;25;017;3119.00;1014;2
Census Block;25;017;3119.00;1015;2
Census Block;25;017;3119.00;1016;2
Census Block;25;017;3119.00;1017;2,4
Census Block;25;017;3119.00;1018;2
Census Block;25;017;3119.00;2000;2
Census Block;25;017;3119.00;2001;2
Census Block;25;017;3119.00;2002;2
Census Block;25;017;3119.00;2003;2
Census Block;25;017;3119.00;2004;2,4
Census Block;25;017;3119.00;2005;2
Census Block;25;017;3119.00;2006;2
Census Block;25;017;3119.00;2007;2
Census Block;25;017;3119.00;2008;2
Census Block;25;017;3119.00;2009;2,4
Census Block;25;017;3119.00;2010;2,4
Census Block;25;017;3119.00;2011;2,4
Census Block;25;017;3119.00;2012;2,4
Census Block;25;017;3119.00;2013;2
Census Block;25;017;3119.00;2014;2
Census Block;25;017;3119.00;2015;4
Census Block;25;017;3119.00;2016;4
Census Block;25;017;3119.00;2017;2
Census Block;25;017;3119.00;2018;2
Census Block;25;017;3120.00;1000;2
Census Block;25;017;3120.00;1001;2,4
Census Block;25;017;3120.00;1002;2,4
Census Block;25;017;3120.00;1003;2,4
Census Block;25;017;3120.00;1004;2,4
Census Block;25;017;3120.00;1005;2,4
Census Block;25;017;3120.00;1006;2,4
Census Block;25;017;3120.00;1007;4
Census Block;25;017;3120.00;1008;4
Census Block;25;017;3120.00;1009;4
Census Block;25;017;3120.00;1010;4
Census Block;25;017;3120.00;1011;4
Census Block;25;017;3120.00;1012;4
Census Block;25;017;3120.00;1013;4
Census Block;25;017;3120.00;1014;4
Census Block;25;017;3120.00;1015;4
Census Block;25;017;3120.00;1016;4
Census Block;25;017;3120.00;1017;4
Census Block;25;017;3120.00;2000;2
Census Block;25;017;3120.00;2001;2
Census Block;25;017;3120.00;2002;2,4
Census Block;25;017;3120.00;2003;2,4
Census Block;25;017;3120.00;2004;4
Census Block;25;017;3120.00;2005;4
Census Block;25;017;3120.00;2006;4
Census Block;25;017;3120.00;2007;4
Census Block;25;017;3120.00;2008;4
Census Block;25;017;3120.00;2009;4
Census Block;25;017;3120.00;2010;4
Census Block;25;017;3120.00;2011;4
Census Block;25;017;3120.00;2012;4
Census Block;25;017;3120.00;2013;4
Census Block;25;017;3120.00;2014;4
Census Block;25;017;3120.00;2015;4
Census Block;25;017;3120.00;2016;4
Census Block;25;017;3120.00;2017;4
Census Block;25;017;3120.00;2018;4
Census Block;25;017;3120.00;2019;4
Census Block;25;017;3120.00;2020;4
Census Block;25;017;3120.00;2021;4
Census Block;25;017;3120.00;2022;4
Census Block;25;017;3120.00;2023;4
Census Block;25;017;3120.00;2024;4
Census Block;25;017;3121.00;1000;4
Census Block;25;017;3121.00;1001;4
Census Block;25;017;3121.00;1002;4
Census Block;25;017;3121.00;1003;4
Census Block;25;017;3121.00;1004;4
Census Block;25;017;3121.00;1005;B1
Census Block;25;017;3121.00;1006;4
Census Block;25;017;3121.00;1007;4
Census Block;25;017;3121.00;1008;4
Census Block;25;017;3121.00;1009;4
Census Block;25;017;3121.00;1010;4
Census Block;25;017;3121.00;1011;4
Census Block;25;017;3121.00;1012;4
Census Block;25;017;3121.00;2000;4
Census Block;25;017;3121.00;2001;4
Census Block;25;017;3121.00;2002;4
Census Block;25;017;3121.00;2003;4
Census Block;25;017;3121.00;2004;4
Census Block;25;017;3121.00;2005;4
Census Block;25;017;3121.00;2006;4
Census Block;25;017;3121.00;2007;4
Census Block;25;017;3121.00;2008;4
Census Block;25;017;3121.00;2009;4
Census Block;25;017;3121.00;2010;4
Census Block;25;017;3121.00;2011;4
Census Block;25;017;3121.00;2012;4
Census Block;25;017;3121.00;3000;4
Census Block;25;017;3121.00;3001;4
Census Block;25;017;3121.00;3002;4
Census Block;25;017;3121.00;3003;4
Census Block;25;017;3121.00;3004;4
Census Block;25;017;3121.00;3005;4
Census Block;25;017;3121.00;3006;4
Census Block;25;017;3121.00;3007;4
Census Block;25;017;3121.00;3008;4
Census Block;25;017;3121.00;3009;4
Census Block;25;017;3121.00;3010;4
Census Block;25;017;3121.00;3011;4
Census Block;25;017;3121.00;3012;4
Census Block;25;017;3121.00;3013;4
Census Block;25;017;3121.00;3014;4
Census Block;25;017;3121.00;3015;4
Census Block;25;017;3121.00;3016;4
Census Block;25;017;3121.00;3017;4
Census Block;25;017;3121.00;3018;4
Census Block;25;017;3121.00;3019;4
Census Block;25;017;3122.00;1000;4
Census Block;25;017;3122.00;1001;4
Census Block;25;017;3122.00;1002;4
Census Block;25;017;3122.00;1003;4
Census Block;25;017;3122.00;1004;4
Census Block;25;017;3122.00;1005;4
Census Block;25;017;3122.00;1006;4
Census Block;25;017;3122.00;1007;4
Census Block;25;017;3122.00;1008;4
Census Block;25;017;3122.00;1009;4
Census Block;25;017;3122.00;1010;4
Census Block;25;017;3122.00;1011;4
Census Block;25;017;3122.00;1012;4
Census Block;25;017;3122.00;1013;4
Census Block;25;017;3122.00;1014;4
Census Block;25;017;3122.00;1015;4
Census Block;25;017;3122.00;1016;4
Census Block;25;017;3122.00;1017;4
Census Block;25;017;3122.00;1018;4
Census Block;25;017;3122.00;1019;4
Census Block;25;017;3122.00;1020;4
Census Block;25;017;3122.00;1021;4
Census Block;25;017;3122.00;1022;4
Census Block;25;017;3122.00;1023;4
Census Block;25;017;3122.00;1024;4
Census Block;25;017;3122.00;1025;4
Census Block;25;017;3122.00;1026;4
Census Block;25;017;3122.00;1027;4
Census Block;25;017;3122.00;1028;4
Census Block;25;017;3122.00;2000;4
Census Block;25;017;3122.00;2001;4
Census Block;25;017;3122.00;2002;4
Census Block;25;017;3122.00;2003;4
Census Block;25;017;3122.00;2004;4
Census Block;25;017;3122.00;2005;4
Census Block;25;017;3122.00;2006;4
Census Block;25;017;3122.00;2007;4
Census Block;25;017;3122.00;2008;4
Census Block;25;017;3122.00;2009;A1
Census Block;25;017;3122.00;2010;A1
Census Block;25;017;3122.00;2011;4
Census Block;25;017;3122.00;2012;4
Census Block;25;017;3122.00;2013;A1
Census Block;25;017;3122.00;2014;A1
Census Block;25;017;3122.00;2015;A1
Census Block;25;017;3122.00;2016;A1
Census Block;25;017;3122.00;2017;A1
Census Block;25;017;3122.00;2018;4
Census Block;25;017;3122.00;2019;4
Census Block;25;017;3122.00;2020;4
Census Block;25;017;3122.00;2021;4
Census Block;25;017;3122.00;2022;4
Census Block;25;017;3122.00;2023;4
Census Block;25;017;3122.00;2024;4
Census Block;25;017;3122.00;2025;A1
Census Block;25;017;3122.00;2026;A1
Census Block;25;017;3122.00;2027;A1
Census Block;25;017;3122.00;2028;A1
Census Block;25;017;3122.00;2029;A1
Census Block;25;017;3122.00;2030;A1
Census Block;25;017;3122.00;2031;A1
Census Block;25;017;3122.00;2032;4
Census Block;25;017;3122.00;2033;4
Census Block;25;017;3122.00;2034;4
Census Block;25;017;3122.00;2035;A1
Census Block;25;017;3122.00;2036;4
Census Block;25;017;3122.00;2037;4
Census Block;25;017;3122.00;2038;4
Census Block;25;017;3122.00;2039;4
Census Block;25;017;3122.00;2040;4
Census Block;25;017;3122.00;2041;A1
Census Block;25;017;3122.00;2042;A1
Census Block;25;017;3122.00;2043;A1
Census Block;25;017;3122.00;2044;A1
Census Block;25;017;3122.00;2045;A1
Census Block;25;017;3122.00;2046;A1
Census Block;25;017;3122.00;2047;A1
Census Block;25;017;3122.00;2048;A1
Census Block;25;017;3122.00;2049;A1
Census Block;25;017;3122.00;2050;A1
Census Block;25;017;3122.00;2051;A1
Census Block;25;017;3122.00;2052;A1
Census Block;25;017;3122.00;2053;A1
Census Block;25;017;3122.00;2054;A1
Census Block;25;017;3122.00;2055;A1
Census Block;25;017;3122.00;2056;A1
Census Block;25;017;3122.00;2057;A1
Census Block;25;017;3122.00;2058;A1
Census Block;25;017;3122.00;2059;A1
Census Block;25;017;3122.00;2060;A1
Census Block;25;017;3122.00;2061;A1
Census Block;25;017;3122.00;2062;A1
Census Block;25;017;3122.00;2063;A1
Census Block;25;017;3122.00;2064;A1
Census Block;25;017;3122.00;2065;A1
Census Block;25;017;3122.00;2066;A1
Census Block;25;017;3122.00;2067;A1
Census Block;25;017;3122.00;2068;A1
Census Block;25;017;3122.00;2069;A1
Census Block;25;017;3122.00;2070;A1
Census Block;25;017;3122.00;2071;A1
Census Block;25;017;3122.00;2072;A1
Census Block;25;017;3122.00;2073;A1
Census Block;25;017;3122.00;2074;A1
Census Block;25;017;3122.00;2075;A1
Census Block;25;017;3122.00;2076;A1
Census Block;25;017;3122.00;2077;A1
Census Block;25;017;3122.00;2078;A1
Census Block;25;017;3122.00;2079;4
Census Block;25;017;3122.00;2080;4
Census Block;25;017;3122.00;2081;A1
Census Block;25;017;3122.00;2082;A1
Census Block;25;017;3122.00;2083;4
Census Block;25;017;3122.00;3000;4
Census Block;25;017;3122.00;3001;4
Census Block;25;017;3122.00;3002;4
Census Block;25;017;3122.00;3003;4
Census Block;25;017;3122.00;3004;4
Census Block;25;017;3122.00;3005;4
Census Block;25;017;3122.00;3006;4
Census Block;25;017;3122.00;3007;4
Census Block;25;017;3122.00;3008;4
Census Block;25;017;3122.00;3009;4
Census Block;25;017;3122.00;3010;4
Census Block;25;017;3122.00;3011;4
Census Block;25;017;3122.00;3012;4
Census Block;25;017;3122.00;3013;4
Census Block;25;017;3122.00;3014;4
Census Block;25;017;3122.00;4000;4
Census Block;25;017;3122.00;4001;4
Census Block;25;017;3122.00;4002;4
Census Block;25;017;3122.00;4003;4
Census Block;25;017;3122.00;4004;4
Census Block;25;017;3122.00;4005;4
Census Block;25;017;3122.00;4006;4
Census Block;25;017;3122.00;4007;4
Census Block;25;017;3122.00;4008;4
Census Block;25;017;3122.00;4009;4
Census Block;25;017;3122.00;4010;4
Census Block;25;017;3122.00;4011;4
Census Block;25;017;3122.00;4012;4
Census Block;25;017;3122.00;4013;4
Census Block;25;017;3122.00;4014;4
Census Block;25;017;3122.00;4015;4
Census Block;25;017;3122.00;4016;4
Census Block;25;017;3122.00;4017;4
Census Block;25;017;3122.00;4018;4
Census Block;25;017;3122.00;4019;A1
Census Block;25;017;3122.00;4020;A1
Census Block;25;017;3122.00;4021;A1
Census Block;25;017;3122.00;4022;4
Census Block;25;017;3122.00;4023;A1
Census Block;25;017;3122.00;4024;A1
Census Block;25;017;3122.00;4025;A1
Census Block;25;017;3122.00;4026;A1
Census Block;25;017;3122.00;4027;A1
Census Block;25;017;3122.00;4028;A1
Census Block;25;017;3122.00;4029;A1
Census Block;25;017;3122.00;4030;A1
Census Block;25;017;3122.00;4031;A1
Census Block;25;017;3122.00;4032;A1
Census Block;25;017;3122.00;4033;A1
Census Block;25;017;3122.00;4034;4
Census Block;25;017;3122.00;4035;4
Census Block;25;017;3122.00;4036;A1
Census Block;25;017;3122.00;4037;4
Census Block;25;017;3122.00;4038;A1
Census Block;25;017;3122.00;4039;A1
Census Block;25;017;3122.00;4040;4
Census Block;25;017;3122.00;4041;4
Census Block;25;017;3122.00;4042;4
Census Block;25;017;3122.00;4043;4
Census Block;25;017;3122.00;4044;4
Census Block;25;017;3122.00;4045;4
Census Block;25;017;3122.00;4046;4
Census Block;25;017;3122.00;4047;4
Census Block;25;017;3122.00;4048;A1
Census Block;25;017;3122.00;4049;A1
Census Block;25;017;3122.00;4050;A1
Census Block;25;017;3122.00;4051;A1
Census Block;25;017;3122.00;4052;A1
Census Block;25;017;3122.00;4053;A1
Census Block;25;017;3122.00;4054;A1
Census Block;25;017;3122.00;4055;A1
Census Block;25;017;3123.00;1000;4
Census Block;25;017;3123.00;1001;4
Census Block;25;017;3123.00;1002;4
Census Block;25;017;3123.00;1003;4
Census Block;25;017;3123.00;1004;4
Census Block;25;017;3123.00;1005;4
Census Block;25;017;3123.00;1006;4
Census Block;25;017;3123.00;1007;4
Census Block;25;017;3123.00;1008;4
Census Block;25;017;3123.00;1009;4
Census Block;25;017;3123.00;1010;4
Census Block;25;017;3123.00;1011;4
Census Block;25;017;3123.00;1012;4
Census Block;25;017;3123.00;1013;4
Census Block;25;017;3123.00;1014;4
Census Block;25;017;3123.00;1015;4
Census Block;25;017;3123.00;1016;4
Census Block;25;017;3123.00;1017;4
Census Block;25;017;3123.00;1018;4
Census Block;25;017;3123.00;1019;4
Census Block;25;017;3123.00;1020;4
Census Block;25;017;3123.00;1021;4
Census Block;25;017;3123.00;1022;4
Census Block;25;017;3123.00;1023;4
Census Block;25;017;3123.00;1024;4
Census Block;25;017;3123.00;1025;4
Census Block;25;017;3123.00;1026;4
Census Block;25;017;3123.00;1027;4
Census Block;25;017;3123.00;1028;4
Census Block;25;017;3123.00;1029;4
Census Block;25;017;3123.00;1030;4
Census Block;25;017;3123.00;1031;4
Census Block;25;017;3123.00;1032;4
Census Block;25;017;3123.00;1033;4
Census Block;25;017;3123.00;2000;4
Census Block;25;017;3123.00;2001;4
Census Block;25;017;3123.00;2002;4
Census Block;25;017;3123.00;2003;4
Census Block;25;017;3123.00;2004;4
Census Block;25;017;3123.00;2005;4
Census Block;25;017;3123.00;2006;4
Census Block;25;017;3123.00;2007;4
Census Block;25;017;3123.00;2008;4
Census Block;25;017;3123.00;2009;4
Census Block;25;017;3123.00;2010;4
Census Block;25;017;3123.00;2011;4
Census Block;25;017;3123.00;2012;4
Census Block;25;017;3123.00;2013;4
Census Block;25;017;3123.00;2014;4
Census Block;25;017;3123.00;2015;4
Census Block;25;017;3123.00;2016;4
Census Block;25;017;3123.00;2017;4
Census Block;25;017;3123.00;2018;4
Census Block;25;017;3123.00;2019;4
Census Block;25;017;3123.00;2020;4
Census Block;25;017;3123.00;2021;4
Census Block;25;017;3123.00;2022;4
Census Block;25;017;3123.00;2023;4
Census Block;25;017;3123.00;2024;4
Census Block;25;017;3123.00;2025;4
Census Block;25;017;3123.00;2026;4
Census Block;25;017;3123.00;2027;4
Census Block;25;017;3123.00;2028;4
Census Block;25;017;3123.00;2029;4
Census Block;25;017;3123.00;2030;4
Census Block;25;017;3123.00;2031;4
Census Block;25;017;3123.00;3000;4
Census Block;25;017;3123.00;3001;4
Census Block;25;017;3123.00;3002;4
Census Block;25;017;3123.00;3003;4
Census Block;25;017;3123.00;3004;4
Census Block;25;017;3123.00;3005;4
Census Block;25;017;3123.00;3006;4
Census Block;25;017;3123.00;3007;4
Census Block;25;017;3123.00;3008;4
Census Block;25;017;3123.00;3009;4
Census Block;25;017;3123.00;3010;4
Census Block;25;017;3123.00;3011;2,4
Census Block;25;017;3123.00;3012;2,4
Census Block;25;017;3123.00;3013;4
Census Block;25;017;3123.00;3014;4
Census Block;25;017;3123.00;3015;4
Census Block;25;017;3123.00;3016;4
Census Block;25;017;3123.00;3017;4
Census Block;25;017;3123.00;3018;4
Census Block;25;017;3123.00;3019;B1
Census Block;25;017;3123.00;3020;4
Census Block;25;017;3123.00;3021;4
Census Block;25;017;3123.00;3022;B1
Census Block;25;017;3123.00;3023;B1
Census Block;25;017;3123.00;3024;B1
Census Block;25;017;3123.00;3025;B1
Census Block;25;017;3123.00;3026;B1
Census Block;25;017;3123.00;3027;B1
Census Block;25;017;3123.00;3028;4
Census Block;25;017;3123.00;3029;B1
Census Block;25;017;3123.00;3030;B1
Census Block;25;017;3123.00;3031;4
Census Block;25;017;3123.00;3032;B1
Census Block;25;017;3123.00;3033;B1
Census Block;25;017;3123.00;3034;B1
Census Block;25;017;3123.00;3035;B1
Census Block;25;017;3123.00;3036;4
Census Block;25;017;3123.00;3037;B1
Census Block;25;017;3123.00;3038;B1
Census Block;25;017;3123.00;3039;B1
Census Block;25;017;3123.00;3040;B1
Census Block;25;017;3123.00;3041;B1
Census Block;25;017;3123.00;3042;B1
Census Block;25;017;3123.00;3043;4
Census Block;25;017;3123.00;3044;B1
Census Block;25;017;3123.00;3045;B1
Census Block;25;017;3123.00;3046;B1
Census Block;25;017;3123.00;3047;B1
Census Block;25;017;3123.00;3048;B1
Census Block;25;017;3123.00;3049;4
Census Block;25;017;3123.00;3050;4
Census Block;25;017;3123.00;3051;4
Census Block;25;017;3123.00;3052;B1
Census Block;25;017;3123.00;3053;B1
Census Block;25;017;3123.00;3054;B1
Census Block;25;017;3123.00;3055;4
Census Block;25;017;3123.00;3056;4
Census Block;25;017;3123.00;3057;4
Census Block;25;017;3123.00;3058;4
Census Block;25;017;3123.00;3059;B1
Census Block;25;017;3123.00;3060;B1
Census Block;25;017;3123.00;3061;B1
Census Block;25;017;3123.00;3062;B1
Census Block;25;017;3123.00;3063;B1
Census Block;25;017;3123.00;3064;B1
Census Block;25;017;3123.00;3065;B1
Census Block;25;017;3123.00;3066;B1
Census Block;25;017;3123.00;3067;B1
Census Block;25;017;3123.00;3068;B1
Census Block;25;017;3123.00;3069;B1
Census Block;25;017;3123.00;3070;B1
Census Block;25;017;3123.00;3071;B1
Census Block;25;017;3123.00;3072;B1
Census Block;25;017;3123.00;3073;B1
Census Block;25;017;3123.00;3074;B1
Census Block;25;017;3123.00;3075;B1
Census Block;25;017;3123.00;3076;B1
Census Block;25;017;3123.00;3077;B1
Census Block;25;017;3123.00;3078;B1
Census Block;25;017;3123.00;3079;B1
Census Block;25;017;3123.00;3080;B1
Census Block;25;017;3123.00;3081;B1
Census Block;25;017;3123.00;3082;B1
Census Block;25;017;3123.00;3083;B1
Census Block;25;017;3123.00;3084;B1
Census Block;25;017;3123.00;3085;B1
Census Block;25;017;3123.00;3086;B1
Census Block;25;017;3123.00;3087;B1
Census Block;25;017;3123.00;3088;B1
Census Block;25;017;3123.00;3089;B1
Census Block;25;017;3123.00;3090;B1
Census Block;25;017;3123.00;3091;B1
Census Block;25;017;3123.00;3092;B1
Census Block;25;017;3123.00;3093;B1
Census Block;25;017;3123.00;3094;B1
Census Block;25;017;3123.00;3095;B1
Census Block;25;017;3123.00;3096;B1
Census Block;25;017;3123.00;3097;4
Census Block;25;017;3123.00;3098;4
Census Block;25;017;3123.00;3099;4
Census Block;25;017;3123.00;3100;4
Census Block;25;017;3123.00;3101;4
Census Block;25;017;3123.00;3102;4
Census Block;25;017;3123.00;3103;4
Census Block;25;017;3123.00;3104;4
Census Block;25;017;3123.00;3105;4
Census Block;25;017;3123.00;3106;B1
Census Block;25;017;3123.00;3107;B1
Census Block;25;017;3123.00;3108;4
Census Block;25;017;3123.00;3109;4
Census Block;25;017;3123.00;3110;4
Census Block;25;017;3123.00;3111;4
Census Block;25;017;3123.00;3112;B1
Census Block;25;017;3124.00;1000;2
Census Block;25;017;3124.00;1001;2
Census Block;25;017;3124.00;1002;2
Census Block;25;017;3124.00;1003;2
Census Block;25;017;3124.00;1004;2
Census Block;25;017;3124.00;1005;2
Census Block;25;017;3124.00;1006;2
Census Block;25;017;3124.00;1007;2
Census Block;25;017;3124.00;1008;2
Census Block;25;017;3124.00;1009;2
Census Block;25;017;3124.00;1010;2
Census Block;25;017;3124.00;1011;2
Census Block;25;017;3124.00;1012;2
Census Block;25;017;3124.00;1013;2
Census Block;25;017;3124.00;1014;2
Census Block;25;017;3124.00;1015;2
Census Block;25;017;3124.00;1016;2
Census Block;25;017;3124.00;1017;2
Census Block;25;017;3124.00;1018;2
Census Block;25;017;3124.00;1019;2
Census Block;25;017;3124.00;1020;2
Census Block;25;017;3124.00;2000;2
Census Block;25;017;3124.00;2001;2
Census Block;25;017;3124.00;2002;2
Census Block;25;017;3124.00;2003;2
Census Block;25;017;3124.00;2004;2
Census Block;25;017;3124.00;2005;2
Census Block;25;017;3124.00;2006;2
Census Block;25;017;3124.00;2007;2
Census Block;25;017;3124.00;2008;2
Census Block;25;017;3124.00;2009;2,4
Census Block;25;017;3124.00;2010;2
Census Block;25;017;3124.00;2011;2
Census Block;25;017;3124.00;2012;2
Census Block;25;017;3124.00;2013;2
Census Block;25;017;3124.00;2014;2,4
Census Block;25;017;3124.00;2015;2,4
Census Block;25;017;3124.00;2016;2,4
Census Block;25;017;3124.00;2017;2,4
Census Block;25;017;3125.01;1000;2
Census Block;25;017;3125.01;1001;2
Census Block;25;017;3125.01;1002;2
Census Block;25;017;3125.01;1003;2
Census Block;25;017;3125.01;1004;2
Census Block;25;017;3125.01;1005;2
Census Block;25;017;3125.01;1006;2
Census Block;25;017;3125.01;1007;2
Census Block;25;017;3125.01;1008;2
Census Block;25;017;3125.01;1009;2
Census Block;25;017;3125.01;1010;2
Census Block;25;017;3125.01;1011;2
Census Block;25;017;3125.01;1012;2
Census Block;25;017;3125.01;1013;2
Census Block;25;017;3125.01;1014;2
Census Block;25;017;3125.01;1015;2
Census Block;25;017;3125.01;1016;2
Census Block;25;017;3125.01;1017;2
Census Block;25;017;3125.01;1018;2
Census Block;25;017;3125.01;1019;2
Census Block;25;017;3125.01;1020;2
Census Block;25;017;3125.01;1021;2
Census Block;25;017;3125.01;1022;2
Census Block;25;017;3125.01;1023;2
Census Block;25;017;3125.01;1024;2
Census Block;25;017;3125.01;1025;2
Census Block;25;017;3125.01;1026;2
Census Block;25;017;3125.01;1027;2
Census Block;25;017;3125.01;1028;2
Census Block;25;017;3125.01;1029;2
Census Block;25;017;3125.01;1030;2
Census Block;25;017;3125.01;1031;2
Census Block;25;017;3125.01;1032;2
Census Block;25;017;3125.01;1033;2
Census Block;25;017;3125.01;1034;2
Census Block;25;017;3125.01;1035;2
Census Block;25;017;3125.01;2000;2
Census Block;25;017;3125.01;2001;2
Census Block;25;017;3125.01;2002;2
Census Block;25;017;3125.01;2003;2
Census Block;25;017;3125.01;2004;2
Census Block;25;017;3125.01;2005;2
Census Block;25;017;3125.01;2006;2
Census Block;25;017;3125.01;2007;2
Census Block;25;017;3125.01;2008;2
Census Block;25;017;3125.01;2009;2
Census Block;25;017;3125.01;2010;2
Census Block;25;017;3125.01;2011;2
Census Block;25;017;3125.01;2012;2
Census Block;25;017;3125.01;2013;2
Census Block;25;017;3125.01;2014;2
Census Block;25;017;3125.01;2015;2
Census Block;25;017;3125.01;2016;2
Census Block;25;017;3125.01;3000;2
Census Block;25;017;3125.01;3001;2
Census Block;25;017;3125.01;3002;2
Census Block;25;017;3125.01;3003;2
Census Block;25;017;3125.01;3004;2
Census Block;25;017;3125.01;3005;2
Census Block;25;017;3125.01;3006;2
Census Block;25;017;3125.01;3007;2
Census Block;25;017;3125.01;3008;2
Census Block;25;017;3125.01;3009;2
Census Block;25;017;3125.01;3010;2
Census Block;25;017;3125.01;3011;2
Census Block;25;017;3125.01;3012;2
Census Block;25;017;3125.01;3013;2
Census Block;25;017;3125.01;3014;2
Census Block;25;017;3125.01;3015;2
Census Block;25;017;3125.01;3016;2
Census Block;25;017;3125.01;3017;2
Census Block;25;017;3125.01;3018;2
Census Block;25;017;3125.01;3019;2
Census Block;25;017;3125.01;3020;2
Census Block;25;017;3125.02;1000;2
Census Block;25;017;3125.02;1001;2
Census Block;25;017;3125.02;1002;2
Census Block;25;017;3125.02;1003;2,4
Census Block;25;017;3125.02;1004;2
Census Block;25;017;3125.02;1005;2,4
Census Block;25;017;3125.02;1006;2
Census Block;25;017;3125.02;1007;2
Census Block;25;017;3125.02;1008;2
Census Block;25;017;3125.02;1009;2
Census Block;25;017;3125.02;1010;2
Census Block;25;017;3125.02;1011;2,4
Census Block;25;017;3125.02;1012;2
Census Block;25;017;3125.02;1013;2,4
Census Block;25;017;3125.02;1014;2,4
Census Block;25;017;3125.02;1015;2,4
Census Block;25;017;3125.02;1016;2,4
Census Block;25;017;3125.02;1017;2,4
Census Block;25;017;3125.02;1018;4
Census Block;25;017;3125.02;1019;4
Census Block;25;017;3125.02;1020;4
Census Block;25;017;3125.02;1021;4
Census Block;25;017;3125.02;1022;4
Census Block;25;017;3125.02;1023;4
Census Block;25;017;3125.02;1024;4
Census Block;25;017;3125.02;1025;4
Census Block;25;017;3125.02;1026;4
Census Block;25;017;3125.02;1027;4
Census Block;25;017;3125.02;2000;2
Census Block;25;017;3125.02;2001;2
Census Block;25;017;3125.02;2002;2
Census Block;25;017;3125.02;2003;2
Census Block;25;017;3125.02;2004;2
Census Block;25;017;3125.02;2005;2
Census Block;25;017;3125.02;2006;2
Census Block;25;017;3125.02;2007;2
Census Block;25;017;3125.02;2008;2
Census Block;25;017;3125.02;2009;2
Census Block;25;017;3125.02;2010;2
Census Block;25;017;3125.02;2011;2
Census Block;25;017;3125.02;2012;2
Census Block;25;017;3125.02;2013;2
Census Block;25;017;3125.02;2014;2
Census Block;25;017;3125.02;2015;2
Census Block;25;017;3125.02;2016;2
Census Block;25;017;3125.02;2017;2
Census Block;25;017;3125.02;2018;2
Census Block;25;017;3125.02;2019;2
Census Block;25;017;3125.02;2020;2
Census Block;25;017;3125.02;3000;2
Census Block;25;017;3125.02;3001;2
Census Block;25;017;3125.02;3002;2
Census Block;25;017;3125.02;3003;2
Census Block;25;017;3125.02;3004;2
Census Block;25;017;3125.02;3005;2
Census Block;25;017;3125.02;3006;2,4
Census Block;25;017;3125.02;3007;4
Census Block;25;017;3125.02;3008;2
Census Block;25;017;3125.02;3009;2,4
Census Block;25;017;3125.02;3010;2,4
Census Block;25;017;3125.02;3011;2,4
Census Block;25;017;3125.02;3012;2,4
Census Block;25;017;3125.02;3013;2
Census Block;25;017;3125.02;3014;2
Census Block;25;017;3125.02;3015;2
Census Block;25;017;3125.02;3016;2
Census Block;25;017;3125.02;3017;4
Census Block;25;017;3125.02;3018;4
Census Block;25;017;3125.02;3019;4
Census Block;25;017;3125.02;3020;4
Census Block;25;017;3125.02;3021;4
Census Block;25;017;3125.02;3022;2
Census Block;25;017;3125.02;3023;2
Census Block;25;017;3125.02;3024;2
Census Block;25;017;3125.02;3025;4
Census Block;25;017;3125.02;3026;4
Census Block;25;017;3883.00;1000;2
Census Block;25;017;3883.00;1001;2
Census Block;25;017;3883.00;1002;2
Census Block;25;017;3883.00;1003;2
Census Block;25;017;3883.00;1004;2
Census Block;25;017;3883.00;1005;2
Census Block;25;017;3883.00;1006;2
Census Block;25;017;3883.00;1007;2
Census Block;25;017;3883.00;1008;2
Census Block;25;017;3883.00;1009;2
Census Block;25;017;3883.00;1010;2
Census Block;25;017;3883.00;1011;2
Census Block;25;017;3883.00;1012;2
Census Block;25;017;3883.00;1013;2
Census Block;25;017;3883.00;2000;2
Census Block;25;017;3883.00;2001;2
Census Block;25;017;3883.00;2002;2
Census Block;25;017;3883.00;2003;2
Census Block;25;017;3883.00;2004;2
Census Block;25;017;3883.00;2005;2
Census Block;25;017;3883.00;2006;2
Census Block;25;017;3883.00;2007;2
Census Block;25;017;3883.00;2008;2
Census Block;25;017;3883.00;2009;2
Census Block;25;017;3883.00;2010;2
Census Block;25;017;3883.00;2011;2
Census Block;25;017;3883.00;2012;2
Census Block;25;017;3883.00;2013;2
Census Block;25;017;3883.00;2014;2
Census Block;25;017;3883.00;2015;2
Census Block;25;017;3883.00;2016;2
Census Block;25;017;3883.00;2017;2
Census Block;25;017;3883.00;2018;2
Census Block;25;017;3883.00;2019;2
Census Block;25;017;3883.00;2020;2
Census Block;25;017;3883.00;2021;2
Census Block;25;017;3883.00;2022;2
Census Block;25;017;3883.00;2023;2
Census Block;25;017;3883.00;2024;2
Census Block;25;017;3883.00;2025;2
Census Block;25;017;3883.00;2026;2
Census Block;25;017;3883.00;2027;2
Census Block;25;017;3883.00;2028;2
Census Block;25;017;3883.00;2029;2
Census Block;25;017;3883.00;2030;2
Census Block;25;017;3883.00;2031;2
Census Block;25;017;3883.00;2032;2
Census Block;25;017;3883.00;2033;2
Census Block;25;017;3883.00;3000;2
Census Block;25;017;3883.00;3001;2
Census Block;25;017;3883.00;3002;2
Census Block;25;017;3883.00;3003;2
Census Block;25;017;3883.00;3004;2
Census Block;25;017;3883.00;3005;2
Census Block;25;017;3883.00;3006;2
Census Block;25;017;3883.00;3007;2
Census Block;25;017;3883.00;3008;2
Census Block;25;017;3883.00;3009;2
Census Block;25;017;3883.00;3010;2
Census Block;25;017;3883.00;3011;2
Census Block;25;017;3883.00;3012;2
Census Block;25;017;3883.00;4000;2
Census Block;25;017;3883.00;4001;2
Census Block;25;017;3883.00;4002;2
Census Block;25;017;3883.00;4003;2
Census Block;25;017;3883.00;4004;2
Census Block;25;017;3883.00;4005;2
Census Block;25;017;3883.00;4006;2
Census Block;25;017;3883.00;4007;2
Census Block;25;017;3883.00;4008;2
Census Block;25;017;3883.00;4009;2
