TYPE;STATE;COUNTY;TRACT;BLOCK;SHEETS
Census Block;25;005;6501.01;1000;1
Census Block;25;005;6501.01;1001;1
Census Block;25;005;6501.01;1002;1
Census Block;25;005;6501.01;1003;1
Census Block;25;005;6501.01;1004;1
Census Block;25;005;6501.01;1005;1
Census Block;25;005;6501.01;1006;1
Census Block;25;005;6501.01;1007;1
Census Block;25;005;6501.01;1008;1
Census Block;25;005;6501.01;1009;1
Census Block;25;005;6501.01;1010;1
Census Block;25;005;6501.01;1011;1
Census Block;25;005;6501.01;1012;1
Census Block;25;005;6501.01;1013;1
Census Block;25;005;6501.01;1014;1
Census Block;25;005;6501.01;1015;1
Census Block;25;005;6501.01;1016;1
Census Block;25;005;6501.01;1017;1
Census Block;25;005;6501.01;1018;1
Census Block;25;005;6501.01;1019;1
Census Block;25;005;6501.01;1020;1
Census Block;25;005;6501.01;1021;1
Census Block;25;005;6501.01;1022;1
Census Block;25;005;6501.01;1023;1
Census Block;25;005;6501.01;1024;1
Census Block;25;005;6501.01;1025;1
Census Block;25;005;6501.01;1026;1
Census Block;25;005;6501.01;1027;1
Census Block;25;005;6501.01;1028;1
Census Block;25;005;6501.01;1029;1
Census Block;25;005;6501.01;1030;1
Census Block;25;005;6501.01;1031;1
Census Block;25;005;6501.01;1032;1
Census Block;25;005;6501.01;1033;1
Census Block;25;005;6501.01;1034;1
Census Block;25;005;6501.01;1035;1
Census Block;25;005;6501.01;2000;1
Census Block;25;005;6501.01;2001;1
Census Block;25;005;6501.01;2002;1
Census Block;25;005;6501.01;2003;1
Census Block;25;005;6501.01;2004;1
Census Block;25;005;6501.01;2005;1
Census Block;25;005;6501.01;2006;1
Census Block;25;005;6501.01;2007;1
Census Block;25;005;6501.01;2008;1
Census Block;25;005;6501.01;2009;1
Census Block;25;005;6501.01;2010;1
Census Block;25;005;6501.01;2011;1
Census Block;25;005;6501.01;2012;1
Census Block;25;005;6501.01;2013;1
Census Block;25;005;6501.01;2014;1
Census Block;25;005;6501.01;2015;1
Census Block;25;005;6501.01;2016;1,2
Census Block;25;005;6501.01;2017;1
Census Block;25;005;6501.01;2018;2
Census Block;25;005;6501.01;2019;2
Census Block;25;005;6501.01;2020;2
Census Block;25;005;6501.01;2021;1
Census Block;25;005;6501.01;2022;1
Census Block;25;005;6501.01;3000;1
Census Block;25;005;6501.01;3001;1,2
Census Block;25;005;6501.01;3002;2
Census Block;25;005;6501.01;3003;2
Census Block;25;005;6501.01;3004;2
Census Block;25;005;6501.01;3005;2
Census Block;25;005;6501.01;3006;2
Census Block;25;005;6501.01;3007;2
Census Block;25;005;6501.01;3008;2
Census Block;25;005;6501.01;3009;2
Census Block;25;005;6501.01;3010;2
Census Block;25;005;6501.01;3011;2
Census Block;25;005;6501.01;3012;2
Census Block;25;005;6501.01;3013;2
Census Block;25;005;6501.01;3014;2
Census Block;25;005;6501.01;3015;2
Census Block;25;005;6501.01;3016;2
Census Block;25;005;6501.01;3017;2
Census Block;25;005;6501.01;3018;2
Census Block;25;005;6501.01;3019;2
Census Block;25;005;6501.01;3020;2
Census Block;25;005;6501.01;3021;2,3
Census Block;25;005;6501.01;3022;2,3
Census Block;25;005;6501.01;3023;2
Census Block;25;005;6501.01;3024;2
Census Block;25;005;6501.01;3025;3
Census Block;25;005;6501.01;3026;3
Census Block;25;005;6501.01;3027;2
Census Block;25;005;6501.01;3028;2
Census Block;25;005;6501.01;3029;2
Census Block;25;005;6501.01;3030;2
Census Block;25;005;6501.01;3031;2
Census Block;25;005;6501.01;3032;2
Census Block;25;005;6501.01;3033;2
Census Block;25;005;6501.01;3034;2
Census Block;25;005;6501.01;3035;2
Census Block;25;005;6501.01;3036;2,3
Census Block;25;005;6501.01;3037;3
Census Block;25;005;6501.02;1000;1
Census Block;25;005;6501.02;1001;1,2
Census Block;25;005;6501.02;1002;2
Census Block;25;005;6501.02;1003;2
Census Block;25;005;6501.02;1004;2
Census Block;25;005;6501.02;1005;2
Census Block;25;005;6501.02;1006;2
Census Block;25;005;6501.02;1007;2
Census Block;25;005;6501.02;1008;2
Census Block;25;005;6501.02;1009;2
Census Block;25;005;6501.02;1010;2
Census Block;25;005;6501.02;1011;2
Census Block;25;005;6501.02;1012;2
Census Block;25;005;6501.02;1013;2
Census Block;25;005;6501.02;1014;2
Census Block;25;005;6501.02;1015;2
Census Block;25;005;6501.02;1016;2
Census Block;25;005;6501.02;1017;2
Census Block;25;005;6501.02;1018;1,2
Census Block;25;005;6501.02;2000;1
Census Block;25;005;6501.02;2001;1
Census Block;25;005;6501.02;2002;1
Census Block;25;005;6501.02;2003;1
Census Block;25;005;6501.02;2004;1,2
Census Block;25;005;6501.02;2005;1
Census Block;25;005;6501.02;2006;1
Census Block;25;005;6501.02;2007;1
Census Block;25;005;6501.02;2008;1
Census Block;25;005;6501.02;2009;1
Census Block;25;005;6501.02;2010;1
Census Block;25;005;6501.02;2011;1
Census Block;25;005;6501.02;2012;1,2
Census Block;25;005;6501.02;2013;1
Census Block;25;005;6501.02;2014;1
Census Block;25;005;6501.02;2015;1
Census Block;25;005;6501.02;2016;1
Census Block;25;005;6501.02;2017;1
Census Block;25;005;6501.02;2018;1,2
Census Block;25;005;6501.02;2019;1,2
Census Block;25;005;6501.02;2020;1
Census Block;25;005;6501.02;2021;1
Census Block;25;005;6501.02;2022;1
Census Block;25;005;6501.02;2023;1
Census Block;25;005;6501.02;3000;1
Census Block;25;005;6501.02;3001;1
Census Block;25;005;6501.02;3002;1
Census Block;25;005;6501.02;3003;1
Census Block;25;005;6501.02;3004;1
Census Block;25;005;6501.02;3005;1
Census Block;25;005;6501.02;3006;1
Census Block;25;005;6501.02;3007;1
Census Block;25;005;6501.02;3008;1
Census Block;25;005;6501.02;3009;1
Census Block;25;005;6501.02;3010;1
Census Block;25;005;6501.02;3011;1
Census Block;25;005;6501.02;3012;1
Census Block;25;005;6501.02;3013;1,2
Census Block;25;005;6501.02;3014;2
Census Block;25;005;6501.02;3015;1
Census Block;25;005;6501.02;3016;1
Census Block;25;005;6501.02;3017;1
Census Block;25;005;6501.02;3018;1
Census Block;25;005;6501.02;3019;1
Census Block;25;005;6501.02;3020;2
Census Block;25;005;6501.02;3021;2
Census Block;25;005;6501.02;3022;1
Census Block;25;005;6501.02;3023;2
Census Block;25;005;6501.02;3024;1
Census Block;25;005;6501.02;3025;2
Census Block;25;005;6501.02;3026;2
Census Block;25;005;6501.02;3027;1
Census Block;25;005;6501.02;3028;1
Census Block;25;005;6501.02;3029;1
Census Block;25;005;6501.02;3030;1
Census Block;25;005;6501.02;3031;1
Census Block;25;005;6501.02;3032;1
Census Block;25;005;6501.02;3033;2
Census Block;25;005;6501.02;3034;2
Census Block;25;005;6501.02;3035;2
Census Block;25;005;6501.02;3036;2
Census Block;25;005;6501.02;3037;2
Census Block;25;005;6501.02;3038;2
Census Block;25;005;6501.02;3039;2
Census Block;25;005;6501.02;3040;2
Census Block;25;005;6501.02;3041;1
Census Block;25;005;6502.01;1000;2,3
Census Block;25;005;6502.01;1001;3
Census Block;25;005;6502.01;1002;2,3
Census Block;25;005;6502.01;1003;2
Census Block;25;005;6502.01;1004;2
Census Block;25;005;6502.01;1005;2
Census Block;25;005;6502.01;1006;2
Census Block;25;005;6502.01;1007;2
Census Block;25;005;6502.01;1008;2
Census Block;25;005;6502.01;1009;2
Census Block;25;005;6502.01;1010;2
Census Block;25;005;6502.01;1011;2
Census Block;25;005;6502.01;1012;2
Census Block;25;005;6502.01;1013;2
Census Block;25;005;6502.01;1014;2
Census Block;25;005;6502.01;1015;2
Census Block;25;005;6502.01;1016;2
Census Block;25;005;6502.01;1017;2
Census Block;25;005;6502.01;1018;2
Census Block;25;005;6502.01;1019;2
Census Block;25;005;6502.01;1020;2
Census Block;25;005;6502.01;1021;2
Census Block;25;005;6502.01;1022;2
Census Block;25;005;6502.01;1023;2
Census Block;25;005;6502.01;1024;2
Census Block;25;005;6502.01;1025;2
Census Block;25;005;6502.01;1026;2
Census Block;25;005;6502.01;1027;2
Census Block;25;005;6502.01;1028;2
Census Block;25;005;6502.01;1029;2
Census Block;25;005;6502.01;1030;2
Census Block;25;005;6502.01;1031;2
Census Block;25;005;6502.01;1032;2
Census Block;25;005;6502.01;1033;2
Census Block;25;005;6502.01;1034;2
Census Block;25;005;6502.01;1035;2
Census Block;25;005;6502.01;1036;2
Census Block;25;005;6502.01;1037;2
Census Block;25;005;6502.01;1038;2
Census Block;25;005;6502.01;1039;2,3
Census Block;25;005;6502.01;1040;2,3
Census Block;25;005;6502.01;1041;3
Census Block;25;005;6502.01;1042;3
Census Block;25;005;6502.01;1043;3
Census Block;25;005;6502.01;1044;2
Census Block;25;005;6502.01;1045;2,3
Census Block;25;005;6502.01;1046;2
Census Block;25;005;6502.01;1047;2
Census Block;25;005;6502.01;1048;2
Census Block;25;005;6502.01;1049;2
Census Block;25;005;6502.01;2000;1
Census Block;25;005;6502.01;2001;1,2
Census Block;25;005;6502.01;2002;2
Census Block;25;005;6502.01;2003;2
Census Block;25;005;6502.01;2004;2
Census Block;25;005;6502.01;2005;2
Census Block;25;005;6502.01;2006;2
Census Block;25;005;6502.01;2007;2
Census Block;25;005;6502.01;2008;2
Census Block;25;005;6502.01;2009;2
Census Block;25;005;6502.01;2010;2
Census Block;25;005;6502.01;2011;2
Census Block;25;005;6502.01;2012;2
Census Block;25;005;6502.01;2013;2
Census Block;25;005;6502.01;2014;2
Census Block;25;005;6502.01;2015;2
Census Block;25;005;6502.01;2016;2
Census Block;25;005;6502.01;2017;2
Census Block;25;005;6502.01;2018;2
Census Block;25;005;6502.01;2019;2
Census Block;25;005;6502.01;2020;2
Census Block;25;005;6502.01;2021;2
Census Block;25;005;6502.01;2022;2
Census Block;25;005;6502.01;2023;2
Census Block;25;005;6502.01;2024;2
Census Block;25;005;6502.01;2025;2
Census Block;25;005;6502.01;2026;2
Census Block;25;005;6502.01;2027;2
Census Block;25;005;6502.01;2028;2
Census Block;25;005;6502.01;2029;2
Census Block;25;005;6502.01;2030;2
Census Block;25;005;6502.01;2031;2
Census Block;25;005;6502.01;2032;2
Census Block;25;005;6502.01;2033;2
Census Block;25;005;6502.01;2034;2
Census Block;25;005;6502.01;2035;2
Census Block;25;005;6502.01;2036;2
Census Block;25;005;6502.01;3000;2
Census Block;25;005;6502.01;3001;2
Census Block;25;005;6502.01;3002;2
Census Block;25;005;6502.01;3003;2
Census Block;25;005;6502.01;3004;2
Census Block;25;005;6502.01;3005;2
Census Block;25;005;6502.01;3006;2
Census Block;25;005;6502.01;3007;2
Census Block;25;005;6502.01;3008;2
Census Block;25;005;6502.01;3009;2
Census Block;25;005;6502.01;3010;2
Census Block;25;005;6502.01;3011;2
Census Block;25;005;6502.01;3012;2
Census Block;25;005;6502.01;3013;2
Census Block;25;005;6502.01;3014;2
Census Block;25;005;6502.01;3015;2
Census Block;25;005;6502.01;3016;2
Census Block;25;005;6502.01;3017;2
Census Block;25;005;6502.01;3018;2
Census Block;25;005;6502.01;3019;2,4
Census Block;25;005;6502.01;3020;2,4
Census Block;25;005;6502.01;3021;2
Census Block;25;005;6502.01;3022;2
Census Block;25;005;6502.01;3023;2
Census Block;25;005;6502.01;3024;2
Census Block;25;005;6502.01;3025;2
Census Block;25;005;6502.01;3026;2
Census Block;25;005;6502.01;3027;2
Census Block;25;005;6502.01;3028;2
Census Block;25;005;6502.01;3029;2
Census Block;25;005;6502.01;3030;2
Census Block;25;005;6502.01;3031;2
Census Block;25;005;6502.01;3032;2
Census Block;25;005;6502.01;3033;2
Census Block;25;005;6502.01;3034;2
Census Block;25;005;6502.01;3035;2
Census Block;25;005;6502.01;3036;2
Census Block;25;005;6502.01;3037;2
Census Block;25;005;6502.01;3038;2
Census Block;25;005;6502.01;3039;2,4
Census Block;25;005;6502.01;3040;2,4
Census Block;25;005;6502.01;3041;2
Census Block;25;005;6502.01;3042;2
Census Block;25;005;6502.01;3043;2
Census Block;25;005;6502.01;3044;2
Census Block;25;005;6502.01;3045;2
Census Block;25;005;6502.01;3046;2
Census Block;25;005;6502.01;3047;2
Census Block;25;005;6502.01;3048;2
Census Block;25;005;6502.01;3049;2
Census Block;25;005;6502.02;1000;2,3
Census Block;25;005;6502.02;1001;2
Census Block;25;005;6502.02;1002;2
Census Block;25;005;6502.02;1003;2
Census Block;25;005;6502.02;1004;2
Census Block;25;005;6502.02;1005;2
Census Block;25;005;6502.02;1006;2
Census Block;25;005;6502.02;1007;2
Census Block;25;005;6502.02;1008;2
Census Block;25;005;6502.02;1009;2
Census Block;25;005;6502.02;1010;2
Census Block;25;005;6502.02;1011;2
Census Block;25;005;6502.02;1012;2
Census Block;25;005;6502.02;1013;2
Census Block;25;005;6502.02;1014;2
Census Block;25;005;6502.02;1015;2
Census Block;25;005;6502.02;1016;2
Census Block;25;005;6502.02;1017;2
Census Block;25;005;6502.02;1018;2
Census Block;25;005;6502.02;1019;2
Census Block;25;005;6502.02;1020;2
Census Block;25;005;6502.02;1021;2
Census Block;25;005;6502.02;1022;2
Census Block;25;005;6502.02;1023;2
Census Block;25;005;6502.02;1024;2
Census Block;25;005;6502.02;1025;2
Census Block;25;005;6502.02;1026;2
Census Block;25;005;6502.02;1027;2
Census Block;25;005;6502.02;1028;2
Census Block;25;005;6502.02;1029;2
Census Block;25;005;6502.02;1030;2
Census Block;25;005;6502.02;1031;2
Census Block;25;005;6502.02;1032;2
Census Block;25;005;6502.02;1033;2
Census Block;25;005;6502.02;1034;2
Census Block;25;005;6502.02;1035;2
Census Block;25;005;6502.02;1036;2
Census Block;25;005;6502.02;1037;2
Census Block;25;005;6502.02;1038;2
Census Block;25;005;6502.02;1039;2
Census Block;25;005;6502.02;1040;2
Census Block;25;005;6502.02;1041;2
Census Block;25;005;6502.02;1042;2
Census Block;25;005;6502.02;1043;2
Census Block;25;005;6502.02;1044;2
Census Block;25;005;6502.02;1045;2,3
Census Block;25;005;6502.02;1046;2
Census Block;25;005;6502.02;1047;2,3
Census Block;25;005;6502.02;1048;2,3
Census Block;25;005;6502.02;1049;3
Census Block;25;005;6502.02;1050;2
Census Block;25;005;6502.02;1051;2
Census Block;25;005;6502.02;1052;2
Census Block;25;005;6502.02;1053;2
Census Block;25;005;6502.02;1054;2
Census Block;25;005;6502.02;1055;2
Census Block;25;005;6502.02;1056;2
Census Block;25;005;6502.02;1057;2
Census Block;25;005;6502.02;1058;2
Census Block;25;005;6502.02;1059;2
Census Block;25;005;6502.02;1060;2
Census Block;25;005;6502.02;1061;2
Census Block;25;005;6502.02;1062;2
Census Block;25;005;6502.02;1063;2,4
Census Block;25;005;6502.02;1064;2
Census Block;25;005;6502.02;1065;2
Census Block;25;005;6502.02;1066;2,4
Census Block;25;005;6502.02;1067;2
Census Block;25;005;6502.02;1068;3
Census Block;25;005;6502.02;1069;3
Census Block;25;005;6502.02;1070;3
Census Block;25;005;6502.02;1071;2
Census Block;25;005;6503.00;1000;3
Census Block;25;005;6503.00;1001;3
Census Block;25;005;6503.00;1002;3
Census Block;25;005;6503.00;1003;2,3
Census Block;25;005;6503.00;1004;2,3
Census Block;25;005;6503.00;1005;2
Census Block;25;005;6503.00;1006;2,3
Census Block;25;005;6503.00;1007;2
Census Block;25;005;6503.00;1008;3
Census Block;25;005;6503.00;1009;2
Census Block;25;005;6503.00;1010;3
Census Block;25;005;6503.00;1011;3
Census Block;25;005;6503.00;1012;3
Census Block;25;005;6503.00;1013;3
Census Block;25;005;6503.00;1014;3
Census Block;25;005;6503.00;1015;3
Census Block;25;005;6503.00;1016;3
Census Block;25;005;6503.00;1017;3
Census Block;25;005;6503.00;1018;3
Census Block;25;005;6503.00;1019;3
Census Block;25;005;6503.00;1020;3
Census Block;25;005;6503.00;1021;3
Census Block;25;005;6503.00;1022;3
Census Block;25;005;6503.00;1023;3
Census Block;25;005;6503.00;1024;3
Census Block;25;005;6503.00;1025;3
Census Block;25;005;6503.00;2000;3
Census Block;25;005;6503.00;2001;3
Census Block;25;005;6503.00;2002;3
Census Block;25;005;6503.00;2003;3
Census Block;25;005;6503.00;2004;3
Census Block;25;005;6503.00;2005;3
Census Block;25;005;6503.00;2006;3
Census Block;25;005;6503.00;2007;3
Census Block;25;005;6503.00;2008;3
Census Block;25;005;6503.00;2009;3
Census Block;25;005;6503.00;2010;3
Census Block;25;005;6503.00;2011;3
Census Block;25;005;6503.00;2012;3
Census Block;25;005;6503.00;2013;3
Census Block;25;005;6503.00;2014;3
Census Block;25;005;6503.00;2015;3
Census Block;25;005;6503.00;2016;3
Census Block;25;005;6503.00;3000;3
Census Block;25;005;6503.00;3001;3
Census Block;25;005;6503.00;3002;3
Census Block;25;005;6503.00;3003;3
Census Block;25;005;6503.00;3004;3
Census Block;25;005;6503.00;3005;3
Census Block;25;005;6503.00;3006;3
Census Block;25;005;6503.00;3007;3
Census Block;25;005;6503.00;3008;2,3
Census Block;25;005;6503.00;3009;3
Census Block;25;005;6503.00;3010;3
Census Block;25;005;6503.00;3011;3
Census Block;25;005;6503.00;3012;3
Census Block;25;005;6503.00;3013;3
Census Block;25;005;6503.00;3014;3
Census Block;25;005;6503.00;3015;3
Census Block;25;005;6503.00;3016;3
Census Block;25;005;6503.00;3017;3
Census Block;25;005;6503.00;3018;3
Census Block;25;005;6503.00;3019;3
Census Block;25;005;6503.00;4000;3
Census Block;25;005;6503.00;4001;2,3
Census Block;25;005;6503.00;4002;2,3
Census Block;25;005;6503.00;4003;3
Census Block;25;005;6503.00;4004;2,3
Census Block;25;005;6503.00;4005;2,3
Census Block;25;005;6503.00;4006;3
Census Block;25;005;6503.00;4007;3
Census Block;25;005;6503.00;4008;3
Census Block;25;005;6503.00;4009;3
Census Block;25;005;6503.00;4010;3
Census Block;25;005;6503.00;4011;3
Census Block;25;005;6503.00;4012;2,3
Census Block;25;005;6503.00;4013;2,3
Census Block;25;005;6503.00;4014;2,3
Census Block;25;005;6503.00;4015;3
Census Block;25;005;6503.00;4016;2,3
Census Block;25;005;6504.00;1000;3
Census Block;25;005;6504.00;1001;3
Census Block;25;005;6504.00;1002;3
Census Block;25;005;6504.00;1003;3
Census Block;25;005;6504.00;1004;3
Census Block;25;005;6504.00;1005;3
Census Block;25;005;6504.00;1006;3
Census Block;25;005;6504.00;1007;3
Census Block;25;005;6504.00;1008;3
Census Block;25;005;6504.00;1009;3
Census Block;25;005;6504.00;1010;3
Census Block;25;005;6504.00;1011;3
Census Block;25;005;6504.00;2000;2,3
Census Block;25;005;6504.00;2001;2
Census Block;25;005;6504.00;2002;2
Census Block;25;005;6504.00;2003;2,3
Census Block;25;005;6504.00;2004;2,3
Census Block;25;005;6504.00;2005;2
Census Block;25;005;6504.00;2006;2,3
Census Block;25;005;6504.00;2007;2,3
Census Block;25;005;6504.00;2008;3
Census Block;25;005;6504.00;2009;2,3
Census Block;25;005;6504.00;2010;2,3
Census Block;25;005;6504.00;2011;2,3
Census Block;25;005;6504.00;3000;3
Census Block;25;005;6504.00;3001;3
Census Block;25;005;6504.00;3002;3
Census Block;25;005;6504.00;3003;3
Census Block;25;005;6504.00;3004;3
Census Block;25;005;6504.00;3005;3
Census Block;25;005;6504.00;3006;3
Census Block;25;005;6504.00;3007;2,3
Census Block;25;005;6504.00;3008;3
Census Block;25;005;6504.00;3009;3
Census Block;25;005;6504.00;3010;3
Census Block;25;005;6504.00;3011;3
Census Block;25;005;6504.00;3012;3
Census Block;25;005;6504.00;3013;2
Census Block;25;005;6504.00;3014;2,3
Census Block;25;005;6504.00;3015;3
Census Block;25;005;6504.00;3016;3
Census Block;25;005;6504.00;4000;3
Census Block;25;005;6504.00;4001;3
Census Block;25;005;6504.00;4002;2,3
Census Block;25;005;6504.00;4003;2,3
Census Block;25;005;6504.00;4004;3
Census Block;25;005;6504.00;4005;3
Census Block;25;005;6504.00;4006;3
Census Block;25;005;6504.00;4007;3
Census Block;25;005;6504.00;4008;2,3
Census Block;25;005;6505.00;1000;2
Census Block;25;005;6505.00;1001;2
Census Block;25;005;6505.00;1002;2
Census Block;25;005;6505.00;1003;2
Census Block;25;005;6505.00;1004;2
Census Block;25;005;6505.00;1005;2
Census Block;25;005;6505.00;1006;2
Census Block;25;005;6505.00;1007;2
Census Block;25;005;6505.00;1008;2
Census Block;25;005;6505.00;1009;2
Census Block;25;005;6505.00;2000;2
Census Block;25;005;6505.00;2001;2
Census Block;25;005;6505.00;2002;2
Census Block;25;005;6505.00;2003;2
Census Block;25;005;6505.00;2004;2
Census Block;25;005;6505.00;2005;2
Census Block;25;005;6505.00;2006;2
Census Block;25;005;6505.00;2007;2
Census Block;25;005;6505.00;2008;2
Census Block;25;005;6505.00;2009;2
Census Block;25;005;6505.00;2010;2
Census Block;25;005;6505.00;2011;2
Census Block;25;005;6505.00;2012;2
Census Block;25;005;6505.00;2013;2
Census Block;25;005;6505.00;2014;2
Census Block;25;005;6505.00;2015;2
Census Block;25;005;6505.00;2016;2
Census Block;25;005;6505.00;2017;2
Census Block;25;005;6505.00;2018;2
Census Block;25;005;6505.00;2019;2
Census Block;25;005;6505.00;3000;2,3
Census Block;25;005;6505.00;3001;2
Census Block;25;005;6505.00;3002;2
Census Block;25;005;6505.00;3003;2
Census Block;25;005;6505.00;3004;2
Census Block;25;005;6505.00;3005;2
Census Block;25;005;6505.00;3006;2
Census Block;25;005;6505.00;3007;2
Census Block;25;005;6505.00;3008;2
Census Block;25;005;6505.00;3009;2
Census Block;25;005;6506.00;1000;3,5
Census Block;25;005;6506.00;1001;3,5
Census Block;25;005;6506.00;1002;3
Census Block;25;005;6506.00;1003;3
Census Block;25;005;6506.00;1004;3
Census Block;25;005;6506.00;1005;3
Census Block;25;005;6506.00;1006;3
Census Block;25;005;6506.00;1007;3
Census Block;25;005;6506.00;1008;3,5
Census Block;25;005;6506.00;1009;3,5
Census Block;25;005;6506.00;1010;3,5
Census Block;25;005;6506.00;1011;3,5
Census Block;25;005;6506.00;2000;2,3
Census Block;25;005;6506.00;2001;2
Census Block;25;005;6506.00;2002;2,4
Census Block;25;005;6506.00;2003;2,3
Census Block;25;005;6506.00;2004;2,3,4,5
Census Block;25;005;6506.00;2005;2,4
Census Block;25;005;6506.00;2006;4
Census Block;25;005;6506.00;2007;4,5
Census Block;25;005;6506.00;3000;3
Census Block;25;005;6506.00;3001;3
Census Block;25;005;6506.00;3002;2,3
Census Block;25;005;6506.00;3003;2
Census Block;25;005;6506.00;3004;2
Census Block;25;005;6506.00;3005;2,3
Census Block;25;005;6506.00;3006;3
Census Block;25;005;6506.00;3007;3
Census Block;25;005;6506.00;3008;3
Census Block;25;005;6507.00;1000;3,5
Census Block;25;005;6507.00;1001;5
Census Block;25;005;6507.00;1002;5
Census Block;25;005;6507.00;1003;5
Census Block;25;005;6507.00;1004;5
Census Block;25;005;6507.00;1005;5
Census Block;25;005;6507.00;1006;5
Census Block;25;005;6507.00;1007;5
Census Block;25;005;6507.00;1008;5
Census Block;25;005;6507.00;2000;4,5
Census Block;25;005;6507.00;2001;4,5
Census Block;25;005;6507.00;2002;4,5
Census Block;25;005;6507.00;2003;5
Census Block;25;005;6507.00;2004;5
Census Block;25;005;6507.00;2005;4,5
Census Block;25;005;6507.00;2006;4,5
Census Block;25;005;6507.00;2007;5
Census Block;25;005;6507.00;2008;5
Census Block;25;005;6507.00;2009;4,5
Census Block;25;005;6507.00;2010;4,5
Census Block;25;005;6507.00;2011;5
Census Block;25;005;6508.00;1000;2
Census Block;25;005;6508.00;1001;2
Census Block;25;005;6508.00;1002;2,4
Census Block;25;005;6508.00;1003;2
Census Block;25;005;6508.00;1004;2
Census Block;25;005;6508.00;1005;2
Census Block;25;005;6508.00;1006;2
Census Block;25;005;6508.00;2000;2,4
Census Block;25;005;6508.00;2001;2,4
Census Block;25;005;6508.00;2002;2,4
Census Block;25;005;6508.00;2003;4
Census Block;25;005;6508.00;2004;4
Census Block;25;005;6508.00;2005;4
Census Block;25;005;6508.00;2006;4
Census Block;25;005;6508.00;2007;4
Census Block;25;005;6508.00;3000;4
Census Block;25;005;6508.00;3001;4
Census Block;25;005;6508.00;3002;4
Census Block;25;005;6508.00;3003;4
Census Block;25;005;6508.00;3004;4
Census Block;25;005;6508.00;3005;4
Census Block;25;005;6508.00;3006;4
Census Block;25;005;6508.00;3007;4
Census Block;25;005;6508.00;3008;4
Census Block;25;005;6508.00;3009;4
Census Block;25;005;6508.00;3010;4
Census Block;25;005;6508.00;4000;4
Census Block;25;005;6508.00;4001;4
Census Block;25;005;6508.00;4002;4
Census Block;25;005;6508.00;4003;4
Census Block;25;005;6508.00;4004;4
Census Block;25;005;6508.00;4005;4
Census Block;25;005;6508.00;4006;4
Census Block;25;005;6508.00;4007;4
Census Block;25;005;6508.00;4008;4
Census Block;25;005;6508.00;4009;4
Census Block;25;005;6508.00;4010;4
Census Block;25;005;6509.00;1000;4
Census Block;25;005;6509.00;1001;4
Census Block;25;005;6509.00;1002;4
Census Block;25;005;6509.00;1003;4
Census Block;25;005;6509.00;1004;4
Census Block;25;005;6509.00;1005;4
Census Block;25;005;6509.00;1006;4
Census Block;25;005;6509.00;1007;4
Census Block;25;005;6509.00;1008;4
Census Block;25;005;6509.00;1009;4
Census Block;25;005;6509.00;1010;4
Census Block;25;005;6509.00;2000;4
Census Block;25;005;6509.00;2001;4
Census Block;25;005;6509.00;2002;4
Census Block;25;005;6509.00;2003;4
Census Block;25;005;6509.00;2004;4
Census Block;25;005;6509.00;2005;4
Census Block;25;005;6509.00;2006;4
Census Block;25;005;6509.00;2007;4
Census Block;25;005;6509.00;2008;4
Census Block;25;005;6509.00;2009;4
Census Block;25;005;6509.00;2010;4
Census Block;25;005;6509.00;2011;4
Census Block;25;005;6509.00;2012;4
Census Block;25;005;6509.00;2013;4
Census Block;25;005;6509.00;2014;4
Census Block;25;005;6509.00;2015;4
Census Block;25;005;6509.00;2016;4
Census Block;25;005;6509.00;2017;4
Census Block;25;005;6509.00;2018;4
Census Block;25;005;6509.00;2019;4
Census Block;25;005;6509.00;2020;4
Census Block;25;005;6509.00;2021;4
Census Block;25;005;6509.00;2022;4
Census Block;25;005;6509.00;2023;4
Census Block;25;005;6509.00;2024;4
Census Block;25;005;6509.00;2025;4
Census Block;25;005;6509.00;3000;4
Census Block;25;005;6509.00;3001;4
Census Block;25;005;6509.00;3002;4
Census Block;25;005;6509.00;3003;4
Census Block;25;005;6509.00;3004;4
Census Block;25;005;6509.00;3005;4
Census Block;25;005;6509.00;3006;4
Census Block;25;005;6509.00;3007;4
Census Block;25;005;6509.00;3008;4
Census Block;25;005;6509.00;3009;4
Census Block;25;005;6509.00;3010;4
Census Block;25;005;6509.00;3011;4
Census Block;25;005;6509.00;3012;4
Census Block;25;005;6509.00;3013;4
Census Block;25;005;6509.00;3014;4
Census Block;25;005;6509.00;3015;4
Census Block;25;005;6510.01;1000;4
Census Block;25;005;6510.01;1001;4
Census Block;25;005;6510.01;1002;4
Census Block;25;005;6510.01;1003;4
Census Block;25;005;6510.01;1004;4
Census Block;25;005;6510.01;1005;4
Census Block;25;005;6510.01;1006;4
Census Block;25;005;6510.01;1007;4
Census Block;25;005;6510.01;1008;4
Census Block;25;005;6510.01;1009;4
Census Block;25;005;6510.01;1010;4
Census Block;25;005;6510.01;1011;4
Census Block;25;005;6510.01;1012;4
Census Block;25;005;6510.01;1013;4
Census Block;25;005;6510.01;1014;4
Census Block;25;005;6510.01;1015;4
Census Block;25;005;6510.01;1016;4
Census Block;25;005;6510.01;1017;4
Census Block;25;005;6510.01;1018;4
Census Block;25;005;6510.01;1019;4
Census Block;25;005;6510.01;1020;4
Census Block;25;005;6510.01;1021;4
Census Block;25;005;6510.01;1022;4
Census Block;25;005;6510.01;1023;4
Census Block;25;005;6510.01;1024;4
Census Block;25;005;6510.01;1025;4
Census Block;25;005;6510.01;1026;4
Census Block;25;005;6510.01;1027;4
Census Block;25;005;6510.01;1028;4
Census Block;25;005;6510.01;1029;4
Census Block;25;005;6510.01;1030;4
Census Block;25;005;6510.01;1031;4
Census Block;25;005;6510.01;1032;4
Census Block;25;005;6510.01;1033;4
Census Block;25;005;6510.01;1034;4
Census Block;25;005;6510.01;1035;4
Census Block;25;005;6510.01;1036;4
Census Block;25;005;6510.01;1037;4
Census Block;25;005;6510.01;1038;4
Census Block;25;005;6510.01;1039;4
Census Block;25;005;6510.01;1040;4
Census Block;25;005;6510.01;1041;4
Census Block;25;005;6510.01;1042;4
Census Block;25;005;6510.01;1043;4
Census Block;25;005;6510.01;1044;4
Census Block;25;005;6510.01;1045;4
Census Block;25;005;6510.01;1046;4
Census Block;25;005;6510.01;1047;4
Census Block;25;005;6510.01;1048;4
Census Block;25;005;6510.01;1049;4
Census Block;25;005;6510.01;1050;4
Census Block;25;005;6510.01;1051;4
Census Block;25;005;6510.01;1052;4
Census Block;25;005;6510.01;1053;4
Census Block;25;005;6510.01;1054;4
Census Block;25;005;6510.01;1055;4
Census Block;25;005;6510.01;1056;4
Census Block;25;005;6510.01;1057;4
Census Block;25;005;6510.01;1058;4
Census Block;25;005;6510.01;1059;4
Census Block;25;005;6510.01;1060;4
Census Block;25;005;6510.01;1061;4
Census Block;25;005;6510.01;1062;4
Census Block;25;005;6510.01;1063;4
Census Block;25;005;6510.01;1064;4
Census Block;25;005;6510.01;1065;4
Census Block;25;005;6510.01;1066;4
Census Block;25;005;6510.01;1067;4
Census Block;25;005;6510.01;1068;4
Census Block;25;005;6510.01;1069;4
Census Block;25;005;6510.01;1070;4
Census Block;25;005;6510.01;1071;4
Census Block;25;005;6510.01;1072;4
Census Block;25;005;6510.01;1073;4
Census Block;25;005;6510.01;1074;4
Census Block;25;005;6510.01;1075;4
Census Block;25;005;6510.01;1076;4
Census Block;25;005;6510.01;1077;4
Census Block;25;005;6510.01;1078;4
Census Block;25;005;6510.01;1079;4
Census Block;25;005;6510.01;1080;4
Census Block;25;005;6510.01;1081;4
Census Block;25;005;6510.01;1082;4
Census Block;25;005;6510.01;1083;4
Census Block;25;005;6510.01;1084;4
Census Block;25;005;6510.01;1085;4
Census Block;25;005;6510.01;1086;4
Census Block;25;005;6510.01;1087;4
Census Block;25;005;6510.01;1088;4
Census Block;25;005;6510.02;1000;4
Census Block;25;005;6510.02;1001;4
Census Block;25;005;6510.02;1002;4
Census Block;25;005;6510.02;1003;4
Census Block;25;005;6510.02;1004;4
Census Block;25;005;6510.02;1005;4
Census Block;25;005;6510.02;1006;4
Census Block;25;005;6510.02;1007;4
Census Block;25;005;6510.02;1008;4
Census Block;25;005;6510.02;1009;4
Census Block;25;005;6510.02;1010;4
Census Block;25;005;6510.02;1011;4
Census Block;25;005;6510.02;1012;4
Census Block;25;005;6510.02;1013;4
Census Block;25;005;6510.02;1014;4
Census Block;25;005;6510.02;1015;4
Census Block;25;005;6510.02;1016;4
Census Block;25;005;6510.02;1017;4
Census Block;25;005;6510.02;1018;4
Census Block;25;005;6510.02;1019;4
Census Block;25;005;6510.02;1020;4
Census Block;25;005;6510.02;1021;4
Census Block;25;005;6510.02;1022;4
Census Block;25;005;6510.02;1023;4
Census Block;25;005;6510.02;1024;4
Census Block;25;005;6510.02;1025;4
Census Block;25;005;6510.02;1026;4
Census Block;25;005;6510.02;1027;4
Census Block;25;005;6510.02;1028;4
Census Block;25;005;6510.02;1029;4
Census Block;25;005;6510.02;1030;4
Census Block;25;005;6510.02;1031;4
Census Block;25;005;6510.02;1032;4
Census Block;25;005;6510.02;1033;4
Census Block;25;005;6510.02;1034;4
Census Block;25;005;6510.02;1035;4
Census Block;25;005;6510.02;1036;4
Census Block;25;005;6510.02;1037;4
Census Block;25;005;6510.02;1038;4
Census Block;25;005;6510.02;1039;4
Census Block;25;005;6510.02;1040;4
Census Block;25;005;6510.02;1041;4
Census Block;25;005;6510.02;1042;4
Census Block;25;005;6510.02;1043;4
Census Block;25;005;6510.02;1044;4
Census Block;25;005;6510.02;1045;4
Census Block;25;005;6510.02;1046;4
Census Block;25;005;6510.02;1047;4
Census Block;25;005;6510.02;1048;4
Census Block;25;005;6510.02;1049;4
Census Block;25;005;6510.02;1050;4
Census Block;25;005;6510.02;1051;4
Census Block;25;005;6510.02;1052;4
Census Block;25;005;6510.02;1053;4
Census Block;25;005;6510.02;1054;4
Census Block;25;005;6510.02;1055;4
Census Block;25;005;6510.02;1056;4
Census Block;25;005;6510.02;1057;4
Census Block;25;005;6510.02;1058;4
Census Block;25;005;6510.02;1059;4
Census Block;25;005;6510.02;1060;4
Census Block;25;005;6510.02;1061;4
Census Block;25;005;6510.02;1062;4
Census Block;25;005;6510.02;1063;4
Census Block;25;005;6510.02;1064;4
Census Block;25;005;6510.02;1065;4
Census Block;25;005;6510.02;1066;4
Census Block;25;005;6510.02;1067;4
Census Block;25;005;6510.02;1068;4
Census Block;25;005;6510.02;1069;4
Census Block;25;005;6510.02;1070;4
Census Block;25;005;6510.02;1071;4
Census Block;25;005;6510.02;1072;4
Census Block;25;005;6510.02;1073;4
Census Block;25;005;6510.02;2000;4
Census Block;25;005;6510.02;2001;4
Census Block;25;005;6510.02;2002;4
Census Block;25;005;6510.02;2003;4
Census Block;25;005;6510.02;2004;4
Census Block;25;005;6510.02;2005;4
Census Block;25;005;6510.02;2006;4
Census Block;25;005;6510.02;2007;4
Census Block;25;005;6510.02;2008;4
Census Block;25;005;6510.02;2009;4
Census Block;25;005;6510.02;2010;4
Census Block;25;005;6510.02;2011;4
Census Block;25;005;6510.02;2012;4
Census Block;25;005;6510.02;2013;4
Census Block;25;005;6510.02;2014;4
Census Block;25;005;6510.02;2015;C1
Census Block;25;005;6510.02;2016;C1
Census Block;25;005;6510.02;2017;C1
Census Block;25;005;6510.02;2018;C1
Census Block;25;005;6510.02;2019;C1
Census Block;25;005;6510.02;2020;C1
Census Block;25;005;6510.02;2021;C1
Census Block;25;005;6510.02;2022;C1
Census Block;25;005;6510.02;2023;C1
Census Block;25;005;6510.02;2024;C1
Census Block;25;005;6510.02;2025;C1
Census Block;25;005;6510.02;2026;4
Census Block;25;005;6510.02;2027;C1
Census Block;25;005;6510.02;2028;C1
Census Block;25;005;6510.02;2029;C1
Census Block;25;005;6510.02;2030;4
Census Block;25;005;6510.02;2031;4
Census Block;25;005;6510.02;2032;4
Census Block;25;005;6510.02;2033;4
Census Block;25;005;6510.02;2034;4
Census Block;25;005;6510.02;2035;4
Census Block;25;005;6510.02;2036;4
Census Block;25;005;6510.02;2037;4
Census Block;25;005;6510.02;2038;4
Census Block;25;005;6510.02;2039;4
Census Block;25;005;6510.02;2040;4
Census Block;25;005;6510.02;2041;4
Census Block;25;005;6510.02;2042;4
Census Block;25;005;6510.02;2043;4
Census Block;25;005;6510.02;2044;4
Census Block;25;005;6510.02;2045;4
Census Block;25;005;6510.02;2046;4
Census Block;25;005;6510.02;2047;4
Census Block;25;005;6510.02;2048;4
Census Block;25;005;6510.02;2049;C1
Census Block;25;005;6510.02;2050;C1
Census Block;25;005;6510.02;2051;C1
Census Block;25;005;6510.02;2052;C1
Census Block;25;005;6510.02;2053;C1
Census Block;25;005;6510.02;2054;C1
Census Block;25;005;6510.02;2055;C1
Census Block;25;005;6510.02;2056;C1
Census Block;25;005;6510.02;2057;C1
Census Block;25;005;6510.02;2058;C1
Census Block;25;005;6510.02;2059;C1
Census Block;25;005;6510.02;2060;C1
Census Block;25;005;6510.02;2061;C1
Census Block;25;005;6510.02;2062;C1
Census Block;25;005;6510.02;2063;C1
Census Block;25;005;6510.02;2064;C1
Census Block;25;005;6510.02;2065;C1
Census Block;25;005;6510.02;2066;C1
Census Block;25;005;6510.02;2067;C1
Census Block;25;005;6510.02;2068;C1
Census Block;25;005;6510.02;2069;C1
Census Block;25;005;6510.02;2070;C1
Census Block;25;005;6510.02;2071;C1
Census Block;25;005;6510.02;2072;C1
Census Block;25;005;6510.02;2073;C1
Census Block;25;005;6510.02;2074;C1
Census Block;25;005;6510.02;2075;C1
Census Block;25;005;6510.02;2076;C1
Census Block;25;005;6510.02;2077;C1
Census Block;25;005;6510.02;2078;C1
Census Block;25;005;6510.02;2079;C1
Census Block;25;005;6510.02;2080;C1
Census Block;25;005;6510.02;2081;C1
Census Block;25;005;6510.02;2082;C1
Census Block;25;005;6510.02;2083;C1
Census Block;25;005;6510.02;2084;4
Census Block;25;005;6511.00;1000;4
Census Block;25;005;6511.00;1001;4
Census Block;25;005;6511.00;1002;4
Census Block;25;005;6511.00;1003;4
Census Block;25;005;6511.00;1004;4
Census Block;25;005;6511.00;1005;4
Census Block;25;005;6511.00;1006;4
Census Block;25;005;6511.00;1007;4
Census Block;25;005;6511.00;1008;4
Census Block;25;005;6511.00;1009;4
Census Block;25;005;6511.00;1010;4
Census Block;25;005;6511.00;1011;4
Census Block;25;005;6511.00;1012;4
Census Block;25;005;6511.00;1013;4,5
Census Block;25;005;6511.00;1014;4,5
Census Block;25;005;6511.00;1015;4,5
Census Block;25;005;6511.00;1016;4,5
Census Block;25;005;6511.00;1017;4
Census Block;25;005;6511.00;1018;4
Census Block;25;005;6511.00;1019;4
Census Block;25;005;6511.00;2000;4
Census Block;25;005;6511.00;2001;4
Census Block;25;005;6511.00;2002;4
Census Block;25;005;6511.00;2003;4
Census Block;25;005;6511.00;2004;4
Census Block;25;005;6511.00;2005;4
Census Block;25;005;6511.00;2006;4
Census Block;25;005;6511.00;2007;4
Census Block;25;005;6511.00;2008;4
Census Block;25;005;6511.00;2009;4
Census Block;25;005;6511.00;2010;4
Census Block;25;005;6511.00;2011;4
Census Block;25;005;6511.00;2012;4
Census Block;25;005;6511.00;2013;4
Census Block;25;005;6511.00;2014;4
Census Block;25;005;6511.00;3000;4
Census Block;25;005;6511.00;3001;4
Census Block;25;005;6511.00;3002;4
Census Block;25;005;6511.00;3003;4
Census Block;25;005;6511.00;3004;4
Census Block;25;005;6511.00;3005;4
Census Block;25;005;6511.00;3006;4
Census Block;25;005;6511.00;3007;4
Census Block;25;005;6511.00;3008;4
Census Block;25;005;6511.00;3009;4
Census Block;25;005;6511.00;3010;4
Census Block;25;005;6511.00;3011;4
Census Block;25;005;6511.00;3012;4
Census Block;25;005;6511.00;3013;4
Census Block;25;005;6511.00;4000;4
Census Block;25;005;6511.00;4001;4
Census Block;25;005;6511.00;4002;4
Census Block;25;005;6511.00;4003;4
Census Block;25;005;6511.00;4004;4
Census Block;25;005;6511.00;4005;4
Census Block;25;005;6511.00;4006;4
Census Block;25;005;6511.00;4007;4
Census Block;25;005;6511.00;4008;4
Census Block;25;005;6511.00;4009;4
Census Block;25;005;6511.00;4010;4
Census Block;25;005;6511.00;4011;4
Census Block;25;005;6511.00;4012;4
Census Block;25;005;6512.00;1000;5
Census Block;25;005;6512.00;1001;5
Census Block;25;005;6512.00;1002;5
Census Block;25;005;6512.00;1003;5
Census Block;25;005;6512.00;1004;5
Census Block;25;005;6512.00;1005;5
Census Block;25;005;6512.00;1006;5
Census Block;25;005;6512.00;1007;5
Census Block;25;005;6512.00;1008;5
Census Block;25;005;6512.00;1009;5
Census Block;25;005;6512.00;2000;5
Census Block;25;005;6512.00;2001;5
Census Block;25;005;6512.00;2002;5
Census Block;25;005;6512.00;2003;5
Census Block;25;005;6512.00;2004;5
Census Block;25;005;6512.00;2005;5
Census Block;25;005;6512.00;2006;5
Census Block;25;005;6512.00;2007;4,5
Census Block;25;005;6512.00;2008;4,5
Census Block;25;005;6512.00;2009;4,5
Census Block;25;005;6512.00;2010;4,5
Census Block;25;005;6512.00;2011;4
Census Block;25;005;6512.00;2012;4
Census Block;25;005;6512.00;2013;4
Census Block;25;005;6512.00;2014;4
Census Block;25;005;6512.00;2015;4
Census Block;25;005;6512.00;2016;4
Census Block;25;005;6512.00;2017;4
Census Block;25;005;6512.00;2018;4
Census Block;25;005;6512.00;2019;4,5
Census Block;25;005;6512.00;2020;5
Census Block;25;005;6512.00;2021;5
Census Block;25;005;6512.00;2022;5
Census Block;25;005;6512.00;2023;5
Census Block;25;005;6512.00;2024;5
Census Block;25;005;6512.00;2025;5
Census Block;25;005;6512.00;2026;5
Census Block;25;005;6512.00;2027;5
Census Block;25;005;6512.00;2028;5
Census Block;25;005;6512.00;2029;5
Census Block;25;005;6512.00;2030;5
Census Block;25;005;6512.00;2031;5
Census Block;25;005;6512.00;2032;5
Census Block;25;005;6512.00;2033;4,5
Census Block;25;005;6512.00;2034;4,5
Census Block;25;005;6512.00;2035;5
Census Block;25;005;6512.00;2036;4,5
Census Block;25;005;6512.00;2037;4
Census Block;25;005;6512.00;2038;4
Census Block;25;005;6512.00;2039;4
Census Block;25;005;6512.00;2040;4
Census Block;25;005;6512.00;2041;4
Census Block;25;005;6512.00;2042;5
Census Block;25;005;6512.00;2043;4,5
Census Block;25;005;6513.00;1000;5
Census Block;25;005;6513.00;1001;5
Census Block;25;005;6513.00;1002;5
Census Block;25;005;6513.00;1003;5
Census Block;25;005;6513.00;1004;5
Census Block;25;005;6513.00;1005;5
Census Block;25;005;6513.00;1006;5
Census Block;25;005;6513.00;1007;5
Census Block;25;005;6513.00;1008;5
Census Block;25;005;6513.00;1009;5
Census Block;25;005;6513.00;1010;5
Census Block;25;005;6513.00;1011;5
Census Block;25;005;6513.00;1012;5
Census Block;25;005;6513.00;1013;5
Census Block;25;005;6513.00;1014;4,5
Census Block;25;005;6513.00;1015;4,5
Census Block;25;005;6513.00;1016;4
Census Block;25;005;6513.00;1017;4
Census Block;25;005;6513.00;1018;4
Census Block;25;005;6513.00;1019;4
Census Block;25;005;6513.00;1020;4
Census Block;25;005;6513.00;1021;4
Census Block;25;005;6513.00;1022;4
Census Block;25;005;6513.00;1023;4
Census Block;25;005;6513.00;1024;4
Census Block;25;005;6513.00;1025;4
Census Block;25;005;6513.00;1026;4
Census Block;25;005;6513.00;1027;4
Census Block;25;005;6513.00;1028;4
Census Block;25;005;6513.00;1029;4,5
Census Block;25;005;6513.00;1030;4,5
Census Block;25;005;6513.00;1031;4
Census Block;25;005;6513.00;1032;4
Census Block;25;005;6513.00;1033;4,5
Census Block;25;005;6513.00;1034;5
Census Block;25;005;6513.00;1035;5
Census Block;25;005;6513.00;1036;4
Census Block;25;005;6513.00;1037;4
Census Block;25;005;6513.00;1038;4
Census Block;25;005;6513.00;2000;4,5
Census Block;25;005;6513.00;2001;4
Census Block;25;005;6513.00;2002;4
Census Block;25;005;6513.00;2003;4
Census Block;25;005;6513.00;2004;4,5
Census Block;25;005;6513.00;2005;4,5
Census Block;25;005;6513.00;2006;4
Census Block;25;005;6513.00;2007;4
Census Block;25;005;6513.00;2008;4
Census Block;25;005;6513.00;2009;4
Census Block;25;005;6513.00;2010;4
Census Block;25;005;6513.00;2011;4
Census Block;25;005;6513.00;2012;4
Census Block;25;005;6513.00;2013;4
Census Block;25;005;6513.00;2014;4,5
Census Block;25;005;6513.00;2015;5
Census Block;25;005;6513.00;2016;4,5
Census Block;25;005;6513.00;2017;4
Census Block;25;005;6513.00;2018;4
Census Block;25;005;6514.00;1000;4
Census Block;25;005;6514.00;1001;4
Census Block;25;005;6514.00;1002;4
Census Block;25;005;6514.00;1003;4
Census Block;25;005;6514.00;1004;4
Census Block;25;005;6514.00;1005;4
Census Block;25;005;6514.00;1006;4
Census Block;25;005;6514.00;1007;4
Census Block;25;005;6514.00;1008;4
Census Block;25;005;6514.00;1009;4
Census Block;25;005;6514.00;1010;4
Census Block;25;005;6514.00;1011;4
Census Block;25;005;6514.00;1012;4
Census Block;25;005;6514.00;2000;4
Census Block;25;005;6514.00;2001;4
Census Block;25;005;6514.00;2002;4
Census Block;25;005;6514.00;2003;4
Census Block;25;005;6514.00;2004;4
Census Block;25;005;6514.00;2005;4
Census Block;25;005;6514.00;2006;4
Census Block;25;005;6514.00;2007;4
Census Block;25;005;6514.00;2008;4
Census Block;25;005;6514.00;2009;4
Census Block;25;005;6514.00;2010;4
Census Block;25;005;6514.00;2011;4
Census Block;25;005;6514.00;2012;4
Census Block;25;005;6514.00;3000;4
Census Block;25;005;6514.00;3001;4
Census Block;25;005;6514.00;3002;4
Census Block;25;005;6514.00;3003;4
Census Block;25;005;6514.00;3004;4
Census Block;25;005;6514.00;3005;4
Census Block;25;005;6514.00;3006;4
Census Block;25;005;6514.00;3007;4
Census Block;25;005;6514.00;3008;4
Census Block;25;005;6514.00;3009;4
Census Block;25;005;6514.00;3010;4
Census Block;25;005;6514.00;3011;4
Census Block;25;005;6514.00;3012;4
Census Block;25;005;6514.00;3013;4
Census Block;25;005;6514.00;4000;4
Census Block;25;005;6514.00;4001;4
Census Block;25;005;6514.00;4002;4
Census Block;25;005;6514.00;4003;4
Census Block;25;005;6514.00;4004;4
Census Block;25;005;6514.00;4005;4
Census Block;25;005;6514.00;4006;4
Census Block;25;005;6514.00;4007;4
Census Block;25;005;6514.00;4008;4
Census Block;25;005;6514.00;4009;4
Census Block;25;005;6514.00;4010;4
Census Block;25;005;6514.00;4011;4
Census Block;25;005;6514.00;4012;4
Census Block;25;005;6514.00;4013;4
Census Block;25;005;6514.00;4014;4
Census Block;25;005;6515.00;1000;4
Census Block;25;005;6515.00;1001;4
Census Block;25;005;6515.00;1002;4
Census Block;25;005;6515.00;1003;4
Census Block;25;005;6515.00;1004;4
Census Block;25;005;6515.00;1005;4
Census Block;25;005;6515.00;1006;4
Census Block;25;005;6515.00;1007;4
Census Block;25;005;6515.00;1008;4
Census Block;25;005;6515.00;1009;4
Census Block;25;005;6515.00;1010;4
Census Block;25;005;6515.00;1011;4
Census Block;25;005;6515.00;1012;4
Census Block;25;005;6515.00;1013;4
Census Block;25;005;6515.00;2000;4
Census Block;25;005;6515.00;2001;4
Census Block;25;005;6515.00;2002;4
Census Block;25;005;6515.00;2003;4
Census Block;25;005;6515.00;2004;4
Census Block;25;005;6515.00;2005;4
Census Block;25;005;6515.00;2006;4
Census Block;25;005;6515.00;2007;4
Census Block;25;005;6515.00;2008;4
Census Block;25;005;6515.00;2009;4
Census Block;25;005;6515.00;2010;4
Census Block;25;005;6515.00;2011;4
Census Block;25;005;6515.00;2012;4
Census Block;25;005;6515.00;3000;C1
Census Block;25;005;6515.00;3001;C1
Census Block;25;005;6515.00;3002;C1
Census Block;25;005;6515.00;3003;C1
Census Block;25;005;6515.00;3004;C1
Census Block;25;005;6515.00;3005;C1
Census Block;25;005;6515.00;3006;C1
Census Block;25;005;6515.00;3007;C1
Census Block;25;005;6515.00;3008;C1
Census Block;25;005;6515.00;3009;4
Census Block;25;005;6515.00;3010;4
Census Block;25;005;6515.00;3011;4
Census Block;25;005;6515.00;3012;4
Census Block;25;005;6515.00;3013;4
Census Block;25;005;6515.00;3014;4
Census Block;25;005;6515.00;3015;4
Census Block;25;005;6515.00;3016;4
Census Block;25;005;6515.00;3017;4
Census Block;25;005;6515.00;3018;4
Census Block;25;005;6515.00;3019;4
Census Block;25;005;6515.00;3020;4
Census Block;25;005;6515.00;3021;4
Census Block;25;005;6515.00;3022;C1
Census Block;25;005;6515.00;3023;C1
Census Block;25;005;6515.00;3024;C1
Census Block;25;005;6515.00;4000;4
Census Block;25;005;6515.00;4001;4
Census Block;25;005;6515.00;4002;4
Census Block;25;005;6515.00;4003;4
Census Block;25;005;6515.00;4004;4
Census Block;25;005;6515.00;4005;4
Census Block;25;005;6515.00;4006;4
Census Block;25;005;6515.00;4007;4
Census Block;25;005;6515.00;4008;4
Census Block;25;005;6515.00;4009;4
Census Block;25;005;6515.00;4010;4
Census Block;25;005;6515.00;4011;4
Census Block;25;005;6515.00;4012;4
Census Block;25;005;6515.00;4013;4
Census Block;25;005;6515.00;4014;4
Census Block;25;005;6515.00;4015;4
Census Block;25;005;6516.00;1000;4
Census Block;25;005;6516.00;1001;4
Census Block;25;005;6516.00;1002;4
Census Block;25;005;6516.00;1003;4
Census Block;25;005;6516.00;1004;4
Census Block;25;005;6516.00;1005;4
Census Block;25;005;6516.00;1006;4
Census Block;25;005;6516.00;1007;4
Census Block;25;005;6516.00;1008;4
Census Block;25;005;6516.00;1009;4
Census Block;25;005;6516.00;1010;4
Census Block;25;005;6516.00;1011;4
Census Block;25;005;6516.00;1012;4
Census Block;25;005;6516.00;1013;4
Census Block;25;005;6516.00;1014;4
Census Block;25;005;6516.00;1015;4
Census Block;25;005;6516.00;1016;4
Census Block;25;005;6516.00;1017;4
Census Block;25;005;6516.00;1018;4
Census Block;25;005;6516.00;2000;4
Census Block;25;005;6516.00;2001;4
Census Block;25;005;6516.00;2002;4
Census Block;25;005;6516.00;2003;4
Census Block;25;005;6516.00;2004;4
Census Block;25;005;6516.00;2005;4
Census Block;25;005;6516.00;2006;4
Census Block;25;005;6516.00;2007;4
Census Block;25;005;6516.00;2008;4
Census Block;25;005;6516.00;2009;4
Census Block;25;005;6516.00;2010;4
Census Block;25;005;6516.00;2011;4
Census Block;25;005;6516.00;2012;4
Census Block;25;005;6516.00;2013;4
Census Block;25;005;6516.00;2014;4
Census Block;25;005;6516.00;2015;4
Census Block;25;005;6516.00;2016;4
Census Block;25;005;6516.00;3000;4
Census Block;25;005;6516.00;3001;4
Census Block;25;005;6516.00;3002;4
Census Block;25;005;6516.00;3003;4
Census Block;25;005;6516.00;3004;4
Census Block;25;005;6516.00;3005;4
Census Block;25;005;6516.00;3006;4
Census Block;25;005;6516.00;3007;4
Census Block;25;005;6516.00;3008;4
Census Block;25;005;6516.00;3009;4
Census Block;25;005;6516.00;3010;4
Census Block;25;005;6516.00;3011;4
Census Block;25;005;6516.00;3012;4
Census Block;25;005;6516.00;3013;4
Census Block;25;005;6516.00;3014;4
Census Block;25;005;6516.00;3015;4
Census Block;25;005;6516.00;3016;4
Census Block;25;005;6516.00;4000;4
Census Block;25;005;6516.00;4001;4
Census Block;25;005;6516.00;4002;4
Census Block;25;005;6516.00;4003;4
Census Block;25;005;6516.00;4004;4
Census Block;25;005;6516.00;4005;4
Census Block;25;005;6516.00;4006;4
Census Block;25;005;6516.00;4007;4
Census Block;25;005;6516.00;4008;4
Census Block;25;005;6516.00;4009;4
Census Block;25;005;6516.00;4010;4
Census Block;25;005;6516.00;4011;4
Census Block;25;005;6516.00;4012;4
Census Block;25;005;6516.00;4013;4
Census Block;25;005;6516.00;4014;4
Census Block;25;005;6516.00;4015;4
Census Block;25;005;6516.00;4016;4
Census Block;25;005;6516.00;4017;4
Census Block;25;005;6516.00;4018;4
Census Block;25;005;6516.00;4019;4
Census Block;25;005;6516.00;4020;4
Census Block;25;005;6516.00;4021;4
Census Block;25;005;6516.00;4022;4
Census Block;25;005;6516.00;4023;4
Census Block;25;005;6516.00;4024;4
Census Block;25;005;6516.00;4025;4
Census Block;25;005;6516.00;4026;4
Census Block;25;005;6516.00;4027;4
Census Block;25;005;6516.00;4028;4
Census Block;25;005;6516.00;4029;4
Census Block;25;005;6516.00;4030;4
Census Block;25;005;6516.00;4031;4
Census Block;25;005;6516.00;4032;4
Census Block;25;005;6516.00;4033;4
Census Block;25;005;6517.00;1000;4
Census Block;25;005;6517.00;1001;4
Census Block;25;005;6517.00;1002;4
Census Block;25;005;6517.00;1003;4
Census Block;25;005;6517.00;1004;4
Census Block;25;005;6517.00;1005;4
Census Block;25;005;6517.00;1006;4
Census Block;25;005;6517.00;1007;4
Census Block;25;005;6517.00;1008;4
Census Block;25;005;6517.00;1009;4
Census Block;25;005;6517.00;1010;4
Census Block;25;005;6517.00;1011;4
Census Block;25;005;6517.00;1012;4
Census Block;25;005;6517.00;1013;4
Census Block;25;005;6517.00;1014;4
Census Block;25;005;6517.00;1015;4
Census Block;25;005;6517.00;1016;4
Census Block;25;005;6517.00;2000;4
Census Block;25;005;6517.00;2001;4
Census Block;25;005;6517.00;2002;4
Census Block;25;005;6517.00;2003;4
Census Block;25;005;6517.00;2004;4
Census Block;25;005;6517.00;2005;4
Census Block;25;005;6517.00;2006;4
Census Block;25;005;6517.00;2007;4
Census Block;25;005;6517.00;2008;4
Census Block;25;005;6517.00;2009;4
Census Block;25;005;6517.00;2010;4
Census Block;25;005;6517.00;2011;4
Census Block;25;005;6517.00;2012;4
Census Block;25;005;6517.00;2013;4
Census Block;25;005;6517.00;2014;4
Census Block;25;005;6517.00;2015;4
Census Block;25;005;6517.00;2016;4
Census Block;25;005;6518.00;1000;5
Census Block;25;005;6518.00;1001;5
Census Block;25;005;6518.00;1002;5
Census Block;25;005;6518.00;1003;5
Census Block;25;005;6518.00;1004;5
Census Block;25;005;6518.00;1005;5
Census Block;25;005;6518.00;1006;5
Census Block;25;005;6518.00;1007;5
Census Block;25;005;6518.00;1008;5
Census Block;25;005;6518.00;1009;5
Census Block;25;005;6518.00;1010;5
Census Block;25;005;6518.00;1011;4,5
Census Block;25;005;6518.00;1012;4,5
Census Block;25;005;6518.00;1013;4,5
Census Block;25;005;6518.00;1014;4
Census Block;25;005;6518.00;1015;4,5
Census Block;25;005;6518.00;1016;5
Census Block;25;005;6518.00;1017;5
Census Block;25;005;6518.00;1018;5
Census Block;25;005;6518.00;1019;4,5
Census Block;25;005;6518.00;1020;4,5
Census Block;25;005;6518.00;1021;4
Census Block;25;005;6518.00;1022;4
Census Block;25;005;6518.00;1023;4
Census Block;25;005;6518.00;1024;5
Census Block;25;005;6518.00;1025;5
Census Block;25;005;6518.00;1026;5
Census Block;25;005;6518.00;1027;5
Census Block;25;005;6518.00;1028;5
Census Block;25;005;6518.00;1029;5
Census Block;25;005;6518.00;1030;5
Census Block;25;005;6518.00;1031;5
Census Block;25;005;6518.00;1032;5
Census Block;25;005;6518.00;1033;5
Census Block;25;005;6518.00;1034;5
Census Block;25;005;6518.00;1035;5
Census Block;25;005;6518.00;1036;5
Census Block;25;005;6518.00;1037;5
Census Block;25;005;6518.00;1038;5
Census Block;25;005;6518.00;1039;5
Census Block;25;005;6518.00;1040;5
Census Block;25;005;6518.00;1041;5
Census Block;25;005;6518.00;1042;5
Census Block;25;005;6518.00;1043;5
Census Block;25;005;6518.00;1044;5
Census Block;25;005;6518.00;1045;5
Census Block;25;005;6518.00;1046;4,5
Census Block;25;005;6518.00;1047;4
Census Block;25;005;6518.00;1048;5
Census Block;25;005;6518.00;1049;5
Census Block;25;005;6518.00;1050;5
Census Block;25;005;6518.00;1051;5
Census Block;25;005;6518.00;1052;5
Census Block;25;005;6518.00;1053;5
Census Block;25;005;6518.00;1054;4,5
Census Block;25;005;6518.00;1055;4,5
Census Block;25;005;6518.00;1056;5
Census Block;25;005;6518.00;1057;4
Census Block;25;005;6518.00;1058;4
Census Block;25;005;6518.00;1059;4
Census Block;25;005;6518.00;1060;4,5
Census Block;25;005;6518.00;1061;4,5
Census Block;25;005;6518.00;2000;5
Census Block;25;005;6518.00;2001;5
Census Block;25;005;6518.00;2002;5
Census Block;25;005;6518.00;2003;5
Census Block;25;005;6518.00;2004;5
Census Block;25;005;6518.00;2005;5
Census Block;25;005;6518.00;2006;5
Census Block;25;005;6518.00;2007;5
Census Block;25;005;6518.00;2008;5
Census Block;25;005;6518.00;2009;5
Census Block;25;005;6518.00;2010;5
Census Block;25;005;6518.00;2011;5
Census Block;25;005;6518.00;2012;4,5
Census Block;25;005;6518.00;2013;4
Census Block;25;005;6518.00;2014;4,5
Census Block;25;005;6518.00;2015;4,5
Census Block;25;005;6518.00;2016;5
Census Block;25;005;6518.00;2017;5
Census Block;25;005;6518.00;2018;5
Census Block;25;005;6518.00;2019;5
Census Block;25;005;6518.00;2020;5
Census Block;25;005;6518.00;2021;5
Census Block;25;005;6518.00;2022;5
Census Block;25;005;6518.00;2023;5
Census Block;25;005;6518.00;2024;5
Census Block;25;005;6518.00;2025;5
Census Block;25;005;6519.00;1000;5
Census Block;25;005;6519.00;1001;5,7
Census Block;25;005;6519.00;1002;5
Census Block;25;005;6519.00;1003;5
Census Block;25;005;6519.00;1004;5
Census Block;25;005;6519.00;1005;5
Census Block;25;005;6519.00;1006;5
Census Block;25;005;6519.00;1007;5
Census Block;25;005;6519.00;1008;5
Census Block;25;005;6519.00;1009;5
Census Block;25;005;6519.00;1010;5
Census Block;25;005;6519.00;1011;5
Census Block;25;005;6519.00;1012;5
Census Block;25;005;6519.00;1013;5
Census Block;25;005;6519.00;1014;5
Census Block;25;005;6519.00;1015;5
Census Block;25;005;6519.00;1016;B1
Census Block;25;005;6519.00;1017;B1
Census Block;25;005;6519.00;1018;5
Census Block;25;005;6519.00;1019;5,7
Census Block;25;005;6519.00;1020;5
Census Block;25;005;6519.00;2000;5
Census Block;25;005;6519.00;2001;5
Census Block;25;005;6519.00;2002;5
Census Block;25;005;6519.00;2003;5
Census Block;25;005;6519.00;2004;5
Census Block;25;005;6519.00;2005;5
Census Block;25;005;6519.00;2006;5
Census Block;25;005;6519.00;2007;5
Census Block;25;005;6519.00;2008;5
Census Block;25;005;6519.00;2009;5
Census Block;25;005;6519.00;2010;5
Census Block;25;005;6519.00;2011;5
Census Block;25;005;6519.00;2012;5
Census Block;25;005;6519.00;2013;5
Census Block;25;005;6519.00;2014;5
Census Block;25;005;6519.00;2015;5
Census Block;25;005;6519.00;2016;5
Census Block;25;005;6519.00;2017;5
Census Block;25;005;6519.00;2018;5
Census Block;25;005;6519.00;2019;5
Census Block;25;005;6519.00;2020;5
Census Block;25;005;6519.00;2021;5
Census Block;25;005;6520.00;1000;5
Census Block;25;005;6520.00;1001;5
Census Block;25;005;6520.00;1002;4,5
Census Block;25;005;6520.00;1003;4
Census Block;25;005;6520.00;1004;4
Census Block;25;005;6520.00;1005;4,5
Census Block;25;005;6520.00;1006;5
Census Block;25;005;6520.00;1007;5
Census Block;25;005;6520.00;1008;4,5
Census Block;25;005;6520.00;1009;4
Census Block;25;005;6520.00;1010;4,5
Census Block;25;005;6520.00;1011;4,5
Census Block;25;005;6520.00;1012;5
Census Block;25;005;6520.00;2000;5
Census Block;25;005;6520.00;2001;5
Census Block;25;005;6520.00;2002;4,5
Census Block;25;005;6520.00;2003;B1
Census Block;25;005;6520.00;2004;4,5
Census Block;25;005;6520.00;2005;5
Census Block;25;005;6520.00;2006;5
Census Block;25;005;6520.00;2007;5
Census Block;25;005;6520.00;2008;B1
Census Block;25;005;6520.00;2009;B1
Census Block;25;005;6520.00;2010;4,5
Census Block;25;005;6520.00;2011;B1
Census Block;25;005;6520.00;2012;B1
Census Block;25;005;6520.00;2013;B1
Census Block;25;005;6520.00;2014;B1
Census Block;25;005;6520.00;3000;B1
Census Block;25;005;6520.00;3001;B1
Census Block;25;005;6520.00;3002;B1
Census Block;25;005;6520.00;3003;B1
Census Block;25;005;6520.00;3004;B1
Census Block;25;005;6520.00;3005;B1
Census Block;25;005;6520.00;3006;B1
Census Block;25;005;6520.00;3007;B1
Census Block;25;005;6520.00;3008;B1
Census Block;25;005;6520.00;3009;B1
Census Block;25;005;6520.00;3010;B1
Census Block;25;005;6520.00;3011;B1
Census Block;25;005;6521.00;1000;4
Census Block;25;005;6521.00;1001;4
Census Block;25;005;6521.00;1002;4
Census Block;25;005;6521.00;1003;4
Census Block;25;005;6521.00;1004;4
Census Block;25;005;6521.00;1005;4
Census Block;25;005;6521.00;1006;4
Census Block;25;005;6521.00;1007;4
Census Block;25;005;6521.00;1008;4
Census Block;25;005;6521.00;1009;4
Census Block;25;005;6521.00;1010;4
Census Block;25;005;6521.00;1011;4
Census Block;25;005;6521.00;1012;4
Census Block;25;005;6521.00;1013;4
Census Block;25;005;6521.00;1014;4
Census Block;25;005;6521.00;1015;4
Census Block;25;005;6521.00;1016;4
Census Block;25;005;6521.00;1017;4
Census Block;25;005;6521.00;2000;4
Census Block;25;005;6521.00;2001;4
Census Block;25;005;6521.00;2002;4
Census Block;25;005;6521.00;2003;4
Census Block;25;005;6521.00;2004;4
Census Block;25;005;6521.00;2005;4
Census Block;25;005;6521.00;2006;4
Census Block;25;005;6521.00;2007;4
Census Block;25;005;6521.00;2008;4
Census Block;25;005;6521.00;2009;B1
Census Block;25;005;6521.00;2010;B1
Census Block;25;005;6521.00;2011;B1
Census Block;25;005;6521.00;2012;B1
Census Block;25;005;6521.00;2013;4
Census Block;25;005;6521.00;2014;B1
Census Block;25;005;6521.00;2015;B1
Census Block;25;005;6521.00;2016;B1
Census Block;25;005;6521.00;2017;B1
Census Block;25;005;6521.00;3000;B1
Census Block;25;005;6521.00;3001;B1
Census Block;25;005;6521.00;3002;B1
Census Block;25;005;6521.00;3003;B1
Census Block;25;005;6521.00;3004;B1
Census Block;25;005;6521.00;3005;B1
Census Block;25;005;6521.00;3006;B1
Census Block;25;005;6521.00;3007;B1
Census Block;25;005;6521.00;3008;B1
Census Block;25;005;6521.00;3009;B1
Census Block;25;005;6521.00;3010;B1
Census Block;25;005;6521.00;3011;B1
Census Block;25;005;6521.00;3012;B1
Census Block;25;005;6521.00;3013;B1
Census Block;25;005;6521.00;3014;B1
Census Block;25;005;6521.00;3015;B1
Census Block;25;005;6521.00;3016;B1
Census Block;25;005;6521.00;3017;B1
Census Block;25;005;6521.00;3018;B1
Census Block;25;005;6522.00;1000;4
Census Block;25;005;6522.00;1001;4
Census Block;25;005;6522.00;1002;4
Census Block;25;005;6522.00;1003;4
Census Block;25;005;6522.00;1004;4
Census Block;25;005;6522.00;1005;4
Census Block;25;005;6522.00;1006;4
Census Block;25;005;6522.00;1007;4
Census Block;25;005;6522.00;1008;4
Census Block;25;005;6522.00;1009;4
Census Block;25;005;6522.00;1010;4
Census Block;25;005;6522.00;1011;4
Census Block;25;005;6522.00;1012;4
Census Block;25;005;6522.00;1013;4
Census Block;25;005;6522.00;1014;4
Census Block;25;005;6522.00;1015;4
Census Block;25;005;6522.00;1016;4
Census Block;25;005;6522.00;1017;4
Census Block;25;005;6522.00;1018;4
Census Block;25;005;6522.00;1019;4
Census Block;25;005;6522.00;1020;B1
Census Block;25;005;6522.00;1021;4
Census Block;25;005;6522.00;1022;4
Census Block;25;005;6522.00;1023;4
Census Block;25;005;6522.00;1024;B1
Census Block;25;005;6522.00;1025;4
Census Block;25;005;6522.00;1026;4
Census Block;25;005;6522.00;2000;B1
Census Block;25;005;6522.00;2001;B1
Census Block;25;005;6522.00;2002;B1
Census Block;25;005;6522.00;2003;B1
Census Block;25;005;6522.00;2004;4
Census Block;25;005;6522.00;2005;4
Census Block;25;005;6522.00;2006;4
Census Block;25;005;6522.00;2007;4
Census Block;25;005;6522.00;2008;4
Census Block;25;005;6522.00;2009;B1
Census Block;25;005;6522.00;2010;B1
Census Block;25;005;6522.00;2011;B1
Census Block;25;005;6522.00;2012;4
Census Block;25;005;6522.00;2013;4
Census Block;25;005;6522.00;2014;B1
Census Block;25;005;6522.00;2015;B1
Census Block;25;005;6522.00;2016;B1
Census Block;25;005;6522.00;2017;B1
Census Block;25;005;6522.00;2018;B1
Census Block;25;005;6522.00;2019;B1
Census Block;25;005;6522.00;2020;B1
Census Block;25;005;6522.00;2021;B1
Census Block;25;005;6522.00;2022;B1
Census Block;25;005;6522.00;2023;B1
Census Block;25;005;6522.00;2024;B1
Census Block;25;005;6522.00;2025;B1
Census Block;25;005;6522.00;2026;4
Census Block;25;005;6522.00;3000;4
Census Block;25;005;6522.00;3001;4
Census Block;25;005;6522.00;3002;4
Census Block;25;005;6522.00;3003;4
Census Block;25;005;6522.00;3004;4
Census Block;25;005;6522.00;3005;4
Census Block;25;005;6522.00;3006;4
Census Block;25;005;6522.00;3007;4
Census Block;25;005;6522.00;3008;4
Census Block;25;005;6522.00;3009;4
Census Block;25;005;6522.00;3010;4
Census Block;25;005;6522.00;3011;4
Census Block;25;005;6522.00;3012;4
Census Block;25;005;6522.00;3013;4,6
Census Block;25;005;6522.00;3014;4
Census Block;25;005;6522.00;3015;4
Census Block;25;005;6522.00;3016;4
Census Block;25;005;6522.00;3017;4
Census Block;25;005;6522.00;3018;4
Census Block;25;005;6522.00;3019;4
Census Block;25;005;6522.00;3020;4
Census Block;25;005;6522.00;3021;4
Census Block;25;005;6522.00;3022;4
Census Block;25;005;6522.00;3023;A1
Census Block;25;005;6522.00;3024;A1
Census Block;25;005;6522.00;3025;A1
Census Block;25;005;6522.00;3026;A1
Census Block;25;005;6522.00;3027;A1
Census Block;25;005;6522.00;3028;A1
Census Block;25;005;6522.00;3029;A1
Census Block;25;005;6522.00;3030;A1
Census Block;25;005;6522.00;3031;A1
Census Block;25;005;6522.00;3032;A1
Census Block;25;005;6522.00;3033;A1
Census Block;25;005;6522.00;3034;A1
Census Block;25;005;6522.00;3035;A1
Census Block;25;005;6522.00;3036;A1
Census Block;25;005;6522.00;3037;A1
Census Block;25;005;6522.00;3038;A1
Census Block;25;005;6522.00;3039;A1
Census Block;25;005;6522.00;3040;A1
Census Block;25;005;6522.00;3041;A1
Census Block;25;005;6522.00;3042;A1
Census Block;25;005;6522.00;3043;A1
Census Block;25;005;6522.00;3044;A1
Census Block;25;005;6522.00;3045;A1
Census Block;25;005;6522.00;3046;A1
Census Block;25;005;6522.00;3047;A1
Census Block;25;005;6522.00;3048;A1
Census Block;25;005;6522.00;3049;A1
Census Block;25;005;6522.00;3050;4
Census Block;25;005;6522.00;3051;A1
Census Block;25;005;6522.00;3052;A1
Census Block;25;005;6523.00;1000;B1
Census Block;25;005;6523.00;1001;B1
Census Block;25;005;6523.00;1002;B1
Census Block;25;005;6523.00;1003;B1
Census Block;25;005;6523.00;1004;B1
Census Block;25;005;6523.00;1005;B1
Census Block;25;005;6523.00;1006;B1
Census Block;25;005;6523.00;1007;B1
Census Block;25;005;6523.00;1008;6
Census Block;25;005;6523.00;1009;B1
Census Block;25;005;6523.00;1010;6
Census Block;25;005;6523.00;1011;6
Census Block;25;005;6523.00;1012;6
Census Block;25;005;6523.00;2000;6
Census Block;25;005;6523.00;2001;6
Census Block;25;005;6523.00;2002;6
Census Block;25;005;6523.00;2003;6
Census Block;25;005;6523.00;2004;6
Census Block;25;005;6523.00;2005;6
Census Block;25;005;6523.00;2006;6
Census Block;25;005;6523.00;2007;6
Census Block;25;005;6523.00;2008;6
Census Block;25;005;6523.00;2009;6
Census Block;25;005;6523.00;2010;6
Census Block;25;005;6523.00;2011;6
Census Block;25;005;6523.00;2012;6
Census Block;25;005;6523.00;2013;6
Census Block;25;005;6523.00;2014;6
Census Block;25;005;6523.00;2015;6
Census Block;25;005;6523.00;2016;6
Census Block;25;005;6523.00;2017;6
Census Block;25;005;6523.00;3000;B1
Census Block;25;005;6523.00;3001;B1
Census Block;25;005;6523.00;3002;B1
Census Block;25;005;6523.00;3003;B1
Census Block;25;005;6523.00;3004;B1
Census Block;25;005;6523.00;3005;B1
Census Block;25;005;6523.00;3006;B1
Census Block;25;005;6523.00;3007;B1
Census Block;25;005;6523.00;3008;B1
Census Block;25;005;6523.00;3009;B1
Census Block;25;005;6523.00;3010;B1
Census Block;25;005;6523.00;3011;B1
Census Block;25;005;6523.00;3012;B1
Census Block;25;005;6523.00;3013;B1
Census Block;25;005;6523.00;3014;6
Census Block;25;005;6523.00;3015;B1
Census Block;25;005;6523.00;3016;B1
Census Block;25;005;6523.00;3017;B1
Census Block;25;005;6523.00;3018;B1
Census Block;25;005;6523.00;3019;B1
Census Block;25;005;6523.00;3020;B1
Census Block;25;005;6523.00;3021;B1
Census Block;25;005;6523.00;3022;B1
Census Block;25;005;6523.00;3023;B1
Census Block;25;005;6523.00;3024;B1
Census Block;25;005;6523.00;3025;B1
Census Block;25;005;6523.00;3026;B1
Census Block;25;005;6523.00;3027;B1
Census Block;25;005;6523.00;3028;B1
Census Block;25;005;6523.00;3029;6
Census Block;25;005;6523.00;3030;B1
Census Block;25;005;6523.00;3031;B1
Census Block;25;005;6523.00;3032;B1
Census Block;25;005;6523.00;3033;B1
Census Block;25;005;6523.00;3034;B1
Census Block;25;005;6523.00;3035;6
Census Block;25;005;6523.00;3036;B1
Census Block;25;005;6523.00;3037;B1
Census Block;25;005;6523.00;3038;B1
Census Block;25;005;6523.00;3039;B1
Census Block;25;005;6523.00;3040;B1
Census Block;25;005;6523.00;3041;B1
Census Block;25;005;6523.00;3042;6
Census Block;25;005;6523.00;3043;B1
Census Block;25;005;6523.00;3044;B1
Census Block;25;005;6523.00;3045;B1
Census Block;25;005;6523.00;3046;B1
Census Block;25;005;6523.00;3047;B1
Census Block;25;005;6523.00;3048;B1
Census Block;25;005;6523.00;3049;B1
Census Block;25;005;6523.00;3050;B1
Census Block;25;005;6523.00;3051;B1
Census Block;25;005;6523.00;3052;6
Census Block;25;005;6523.00;3053;B1
Census Block;25;005;6523.00;3054;B1
Census Block;25;005;6523.00;3055;6
Census Block;25;005;6523.00;3056;B1
Census Block;25;005;6523.00;3057;B1
Census Block;25;005;6523.00;3058;B1
Census Block;25;005;6523.00;3059;B1
Census Block;25;005;6523.00;3060;B1
Census Block;25;005;6523.00;3061;B1
Census Block;25;005;6523.00;3062;B1
Census Block;25;005;6523.00;3063;B1
Census Block;25;005;6523.00;3064;B1
Census Block;25;005;6523.00;3065;B1
Census Block;25;005;6523.00;3066;B1
Census Block;25;005;6523.00;3067;B1
Census Block;25;005;6523.00;3068;B1
Census Block;25;005;6523.00;3069;B1
Census Block;25;005;6523.00;3070;B1
Census Block;25;005;6523.00;3071;B1
Census Block;25;005;6523.00;3072;B1
Census Block;25;005;6523.00;3073;B1
Census Block;25;005;6523.00;3074;B1
Census Block;25;005;6523.00;3075;B1
Census Block;25;005;6523.00;3076;B1
Census Block;25;005;6523.00;3077;B1
Census Block;25;005;6523.00;3078;B1
Census Block;25;005;6523.00;3079;B1
Census Block;25;005;6523.00;3080;B1
Census Block;25;005;6523.00;3081;B1
Census Block;25;005;6523.00;3082;B1
Census Block;25;005;6523.00;3083;B1
Census Block;25;005;6523.00;3084;B1
Census Block;25;005;6523.00;3085;B1
Census Block;25;005;6523.00;3086;B1
Census Block;25;005;6523.00;3087;B1
Census Block;25;005;6523.00;3088;B1
Census Block;25;005;6523.00;3089;B1
Census Block;25;005;6523.00;3090;B1
Census Block;25;005;6523.00;3091;B1
Census Block;25;005;6523.00;3092;B1
Census Block;25;005;6523.00;3093;B1
Census Block;25;005;6523.00;3094;B1
Census Block;25;005;6523.00;3095;B1
Census Block;25;005;6523.00;3096;B1
Census Block;25;005;6523.00;3097;B1
Census Block;25;005;6523.00;3098;B1
Census Block;25;005;6523.00;3099;B1
Census Block;25;005;6523.00;3100;B1
Census Block;25;005;6523.00;3101;B1
Census Block;25;005;6523.00;3102;B1
Census Block;25;005;6523.00;3103;B1
Census Block;25;005;6523.00;3104;B1
Census Block;25;005;6523.00;3105;B1
Census Block;25;005;6523.00;3106;B1
Census Block;25;005;6523.00;3107;B1
Census Block;25;005;6523.00;3108;B1
Census Block;25;005;6523.00;3109;B1
Census Block;25;005;6523.00;3110;B1
Census Block;25;005;6523.00;3111;B1
Census Block;25;005;6523.00;3112;B1
Census Block;25;005;6523.00;3113;B1
Census Block;25;005;6523.00;3114;B1
Census Block;25;005;6523.00;3115;B1
Census Block;25;005;6523.00;3116;B1
Census Block;25;005;6523.00;3117;B1
Census Block;25;005;6523.00;3118;B1
Census Block;25;005;6523.00;3119;B1
Census Block;25;005;6523.00;3120;B1
Census Block;25;005;6523.00;3121;B1
Census Block;25;005;6523.00;3122;B1
Census Block;25;005;6523.00;3123;B1
Census Block;25;005;6523.00;3124;B1
Census Block;25;005;6523.00;3125;B1
Census Block;25;005;6523.00;3126;B1
Census Block;25;005;6523.00;3127;B1
Census Block;25;005;6523.00;3128;B1
Census Block;25;005;6523.00;3129;B1
Census Block;25;005;6523.00;3130;B1
Census Block;25;005;6523.00;3131;B1
Census Block;25;005;6523.00;3132;B1
Census Block;25;005;6523.00;3133;B1
Census Block;25;005;6523.00;3134;B1
Census Block;25;005;6523.00;3135;B1
Census Block;25;005;6523.00;3136;B1
Census Block;25;005;6523.00;3137;B1
Census Block;25;005;6523.00;3138;B1
Census Block;25;005;6523.00;3139;B1
Census Block;25;005;6523.00;3140;6
Census Block;25;005;6523.00;3141;6
Census Block;25;005;6523.00;3142;B1
Census Block;25;005;6524.00;1000;B1
Census Block;25;005;6524.00;1001;B1
Census Block;25;005;6524.00;1002;B1
Census Block;25;005;6524.00;1003;B1
Census Block;25;005;6524.00;1004;B1
Census Block;25;005;6524.00;1005;4,6
Census Block;25;005;6524.00;1006;4,6
Census Block;25;005;6524.00;1007;4,5,6,7
Census Block;25;005;6524.00;1008;4,5,7
Census Block;25;005;6524.00;1009;7
Census Block;25;005;6524.00;1010;6,7
Census Block;25;005;6524.00;1011;6
Census Block;25;005;6524.00;1012;6
Census Block;25;005;6524.00;1013;4,6
Census Block;25;005;6524.00;1014;6
Census Block;25;005;6524.00;1015;6
Census Block;25;005;6524.00;1016;6
Census Block;25;005;6524.00;2000;7
Census Block;25;005;6524.00;2001;6,7
Census Block;25;005;6524.00;2002;7
Census Block;25;005;6524.00;2003;7
Census Block;25;005;6524.00;2004;7
Census Block;25;005;6524.00;2005;6,7
Census Block;25;005;6524.00;2006;6
Census Block;25;005;6524.00;2007;6
Census Block;25;005;6524.00;2008;6
Census Block;25;005;6524.00;2009;6,7
Census Block;25;005;6524.00;2010;6
Census Block;25;005;6524.00;2011;6
Census Block;25;005;6524.00;2012;6
Census Block;25;005;6524.00;2013;6
Census Block;25;005;6524.00;2014;6
Census Block;25;005;6524.00;2015;6
Census Block;25;005;6524.00;2016;6
Census Block;25;005;6524.00;2017;6
Census Block;25;005;6524.00;2018;6
Census Block;25;005;6524.00;2019;6
Census Block;25;005;6524.00;2020;6
Census Block;25;005;6524.00;2021;6
Census Block;25;005;6524.00;2022;6
Census Block;25;005;6524.00;2023;6
Census Block;25;005;6524.00;2024;6
Census Block;25;005;6524.00;2025;6
Census Block;25;005;6524.00;2026;6
Census Block;25;005;6524.00;2027;6
Census Block;25;005;6524.00;2028;6
Census Block;25;005;6524.00;2029;6
Census Block;25;005;6524.00;2030;6
Census Block;25;005;6524.00;2031;6
Census Block;25;005;6524.00;2032;6
Census Block;25;005;6524.00;2033;6
Census Block;25;005;6524.00;2034;6
Census Block;25;005;6524.00;2035;6
Census Block;25;005;6525.00;1000;5,7
Census Block;25;005;6525.00;1001;5,7
Census Block;25;005;6525.00;1002;5,7
Census Block;25;005;6525.00;1003;5,7
Census Block;25;005;6525.00;1004;7
Census Block;25;005;6525.00;1005;7
Census Block;25;005;6525.00;1006;7
Census Block;25;005;6525.00;2000;7
Census Block;25;005;6525.00;2001;7
Census Block;25;005;6525.00;2002;7
Census Block;25;005;6525.00;2003;7
Census Block;25;005;6525.00;2004;7
Census Block;25;005;6525.00;2005;7
Census Block;25;005;6525.00;2006;7
Census Block;25;005;6526.00;1000;7
Census Block;25;005;6526.00;1001;7
Census Block;25;005;6526.00;1002;7
Census Block;25;005;6526.00;1003;7
Census Block;25;005;6526.00;1004;7
Census Block;25;005;6526.00;1005;7
Census Block;25;005;6526.00;1006;7
Census Block;25;005;6526.00;1007;7
Census Block;25;005;6526.00;1008;7
Census Block;25;005;6526.00;1009;7
Census Block;25;005;6526.00;1010;7
Census Block;25;005;6526.00;1011;7
Census Block;25;005;6526.00;1012;7
Census Block;25;005;6526.00;1013;7
Census Block;25;005;6526.00;1014;7
Census Block;25;005;6526.00;2000;5,7
Census Block;25;005;6526.00;2001;5,7
Census Block;25;005;6526.00;2002;5,7
Census Block;25;005;6526.00;2003;7
Census Block;25;005;6526.00;2004;7
Census Block;25;005;6526.00;2005;5,7
Census Block;25;005;6526.00;2006;5,7
Census Block;25;005;6526.00;2007;5
Census Block;25;005;6526.00;2008;5
Census Block;25;005;6526.00;2009;5
Census Block;25;005;6526.00;2010;5
Census Block;25;005;6526.00;2011;5
Census Block;25;005;6526.00;2012;5,7
Census Block;25;005;6526.00;2013;5,7
Census Block;25;005;6526.00;2014;5,7
Census Block;25;005;6526.00;2015;7
Census Block;25;005;6526.00;2016;7
Census Block;25;005;6526.00;2017;5,7
Census Block;25;005;6526.00;2018;5,7
Census Block;25;005;6526.00;2019;7
Census Block;25;005;6526.00;2020;7
Census Block;25;005;6526.00;2021;7
Census Block;25;005;6526.00;2022;7
Census Block;25;005;6526.00;2023;7
Census Block;25;005;6526.00;2024;7
Census Block;25;005;6526.00;2025;7
Census Block;25;005;6526.00;2026;7
Census Block;25;005;6526.00;2027;7
Census Block;25;005;6527.00;1000;7
Census Block;25;005;6527.00;1001;7
Census Block;25;005;6527.00;1002;7
Census Block;25;005;6527.00;1003;7
Census Block;25;005;6527.00;1004;7
Census Block;25;005;6527.00;1005;7
Census Block;25;005;6527.00;1006;7
Census Block;25;005;6527.00;1007;7
Census Block;25;005;6527.00;1008;7
Census Block;25;005;6527.00;2000;7
Census Block;25;005;6527.00;2001;7
Census Block;25;005;6527.00;2002;7
Census Block;25;005;6527.00;2003;7
Census Block;25;005;6527.00;2004;7
Census Block;25;005;6527.00;2005;7
Census Block;25;005;6527.00;2006;7
Census Block;25;005;6527.00;2007;7
Census Block;25;005;6527.00;2008;7
Census Block;25;005;6527.00;2009;7
Census Block;25;005;6527.00;2010;7
Census Block;25;005;6527.00;3000;7
Census Block;25;005;6527.00;3001;7
Census Block;25;005;6527.00;3002;7
Census Block;25;005;6527.00;3003;7
Census Block;25;005;6527.00;3004;7
Census Block;25;005;6527.00;3005;7
Census Block;25;005;6527.00;3006;7
Census Block;25;005;6527.00;3007;7
Census Block;25;005;6527.00;3008;7
Census Block;25;005;6527.00;3009;7
Census Block;25;005;6527.00;3010;7
Census Block;25;005;6527.00;3011;7
Census Block;25;005;6527.00;4000;7
Census Block;25;005;6527.00;4001;7
Census Block;25;005;6527.00;4002;7
Census Block;25;005;6527.00;4003;7
Census Block;25;005;6527.00;4004;7
Census Block;25;005;6527.00;4005;7
Census Block;25;005;6527.00;4006;7
Census Block;25;005;6527.00;4007;7
Census Block;25;005;6527.00;4008;7
Census Block;25;005;6527.00;4009;7
Census Block;25;005;6527.00;4010;7
Census Block;25;005;6528.00;1000;7
Census Block;25;005;6528.00;1001;7
Census Block;25;005;6528.00;1002;7
Census Block;25;005;6528.00;1003;7
Census Block;25;005;6528.00;1004;7
Census Block;25;005;6528.00;1005;7
Census Block;25;005;6528.00;1006;7
Census Block;25;005;6528.00;1007;7
Census Block;25;005;6528.00;1008;7
Census Block;25;005;6528.00;1009;7
Census Block;25;005;6528.00;1010;7
Census Block;25;005;6528.00;1011;7
Census Block;25;005;6528.00;1012;7
Census Block;25;005;6528.00;1013;7
Census Block;25;005;6528.00;1014;7
Census Block;25;005;6528.00;1015;7
Census Block;25;005;6528.00;1016;7
Census Block;25;005;6528.00;1017;7
Census Block;25;005;6528.00;1018;7
Census Block;25;005;6528.00;1019;7
Census Block;25;005;6528.00;1020;7
Census Block;25;005;6528.00;1021;7
Census Block;25;005;6528.00;1022;7
Census Block;25;005;6528.00;1023;7
Census Block;25;005;6528.00;1024;7
Census Block;25;005;6528.00;1025;7
Census Block;25;005;6528.00;1026;7
Census Block;25;005;6528.00;1027;7
Census Block;25;005;6528.00;1028;7
Census Block;25;005;6528.00;1029;7
Census Block;25;005;6528.00;1030;7
Census Block;25;005;6528.00;1031;7
Census Block;25;005;6528.00;1032;7
Census Block;25;005;6528.00;1033;7
Census Block;25;005;6528.00;1034;7
Census Block;25;005;6528.00;1035;7
Census Block;25;005;6528.00;1036;7
Census Block;25;005;6528.00;1037;7
Census Block;25;005;6528.00;1038;7
Census Block;25;005;6528.00;1039;7
Census Block;25;005;6528.00;1040;7
Census Block;25;005;6528.00;1041;7
Census Block;25;005;6528.00;1042;7
Census Block;25;005;6528.00;1043;7
Census Block;25;005;6528.00;1044;7
Census Block;25;005;6528.00;1045;7
Census Block;25;005;6528.00;1046;7
Census Block;25;005;6528.00;1047;7
Census Block;25;005;6528.00;1048;7
Census Block;25;005;6528.00;1049;7
Census Block;25;005;6528.00;1050;7
Census Block;25;005;6528.00;1051;7
Census Block;25;005;6528.00;1052;7
Census Block;25;005;6528.00;2000;7
Census Block;25;005;6528.00;2001;7
Census Block;25;005;6528.00;2002;7
Census Block;25;005;6528.00;2003;7
Census Block;25;005;6528.00;2004;7
Census Block;25;005;6528.00;2005;7
Census Block;25;005;6528.00;2006;7
Census Block;25;005;6528.00;2007;7
Census Block;25;005;6528.00;2008;7
Census Block;25;005;6528.00;2009;7
Census Block;25;005;6528.00;2010;7
Census Block;25;005;6528.00;2011;7
Census Block;25;005;6528.00;2012;7
Census Block;25;005;6528.00;2013;7
Census Block;25;005;6528.00;2014;7
Census Block;25;005;6528.00;2015;7
Census Block;25;005;6528.00;2016;7
Census Block;25;005;6528.00;2017;7
Census Block;25;005;6528.00;3000;7
Census Block;25;005;6528.00;3001;7
Census Block;25;005;6528.00;3002;7
Census Block;25;005;6528.00;3003;7
Census Block;25;005;6528.00;3004;7
Census Block;25;005;6528.00;3005;7
Census Block;25;005;6528.00;3006;7
Census Block;25;005;6528.00;3007;7
Census Block;25;005;6528.00;3008;7
Census Block;25;005;6528.00;3009;7
Census Block;25;005;6528.00;3010;7
Census Block;25;005;6528.00;3011;7
Census Block;25;005;6528.00;3012;7
Census Block;25;005;6528.00;3013;7
Census Block;25;005;6528.00;3014;7
Census Block;25;005;9900.00;0005;7
Census Block;25;005;9900.00;0006;7
Census Block;25;005;9900.00;0009;7
Census Block;25;005;9900.00;0010;7
Census Block;25;005;9900.00;0011;7
Census Block;25;005;9900.00;0012;7
Census Block;25;005;9900.00;0013;7
Census Block;25;005;9900.00;0014;7
Census Block;25;005;9900.00;0015;7
Census Block;25;005;9900.00;0016;6,7
Census Block;25;005;9900.00;0040;7
Census Block;25;005;9900.00;0041;5,7
Census Block;25;005;9900.00;0042;5,7
Census Block;25;005;9900.00;0043;7
