TYPE;STATE;COUNTY;TRACT;BLOCK;SHEETS
Census Block;25;005;6451.01;2011;1
Census Block;25;005;6451.01;2013;1
Census Block;25;005;6451.01;2014;1
Census Block;25;005;6451.01;2015;1
Census Block;25;005;6451.01;2016;1
Census Block;25;005;6451.01;2017;1
Census Block;25;005;6451.01;2018;1
Census Block;25;005;6451.01;2019;1
Census Block;25;005;6451.01;2020;1
Census Block;25;005;6451.01;2021;1
Census Block;25;005;6451.01;2022;1
Census Block;25;005;6451.01;2023;1
Census Block;25;005;6451.01;2024;1
Census Block;25;005;6451.01;2028;1
Census Block;25;005;6451.01;2032;1
Census Block;25;005;6451.01;2033;1
Census Block;25;005;6451.01;2034;1
Census Block;25;005;6451.01;2035;1
Census Block;25;005;6451.01;2036;1
Census Block;25;005;6451.01;2037;1
Census Block;25;005;6451.01;2038;1
Census Block;25;005;6451.01;2039;1
Census Block;25;005;6451.01;2040;1
Census Block;25;005;6451.01;2041;1
Census Block;25;005;6451.01;2042;1
Census Block;25;005;6451.01;2043;1
Census Block;25;005;6451.01;2044;1
Census Block;25;005;6451.01;2045;1
Census Block;25;005;6451.01;2046;1
Census Block;25;005;6451.01;2047;1
Census Block;25;005;6451.01;2048;1
Census Block;25;005;6451.01;2049;1
Census Block;25;005;6451.01;2050;1
Census Block;25;005;6451.01;2051;1
Census Block;25;005;6451.01;2052;1
Census Block;25;005;6451.01;2055;1
Census Block;25;005;6451.01;3000;1
Census Block;25;005;6451.01;3001;1
Census Block;25;005;6451.01;3002;1
Census Block;25;005;6451.01;3003;1
Census Block;25;005;6451.01;3004;1
Census Block;25;005;6451.01;3005;1
Census Block;25;005;6451.01;3006;1
Census Block;25;005;6451.01;3007;1
Census Block;25;005;6451.01;3008;1
Census Block;25;005;6451.01;3009;1
Census Block;25;005;6451.01;3010;1
Census Block;25;005;6451.01;3011;1
Census Block;25;005;6451.01;3012;1
Census Block;25;005;6451.01;3013;1
Census Block;25;005;6451.01;3014;1
Census Block;25;005;6451.01;3015;1
Census Block;25;005;6451.01;3016;1
Census Block;25;005;6451.01;3017;1
Census Block;25;005;6451.01;3018;1
Census Block;25;005;6451.01;3019;1
Census Block;25;005;6451.01;3020;1
Census Block;25;005;6451.01;3021;1
Census Block;25;005;6451.01;3022;1
Census Block;25;005;6451.01;3023;1
Census Block;25;005;6451.01;3024;1
Census Block;25;005;6451.01;3025;1
Census Block;25;005;6451.01;3026;1
Census Block;25;005;6451.01;3027;1
Census Block;25;005;6451.01;3028;1
Census Block;25;005;6451.01;3029;1
Census Block;25;005;6451.01;3030;1
Census Block;25;005;6451.01;3031;1
Census Block;25;005;6451.01;3032;1
Census Block;25;005;6451.01;3033;1
Census Block;25;005;6451.01;3034;1
Census Block;25;005;6451.01;3035;1
Census Block;25;005;6451.01;3036;1
Census Block;25;005;6451.01;3037;1
Census Block;25;005;6451.01;3038;1
Census Block;25;005;6451.01;3039;1
Census Block;25;005;6451.01;3040;1
Census Block;25;005;6451.01;3041;1
Census Block;25;005;6451.01;3042;1
Census Block;25;005;6451.01;3043;1
Census Block;25;005;6451.01;3044;1
Census Block;25;005;6451.01;3045;1
Census Block;25;005;6451.01;3048;1
