TYPE;STATE;COUNTY;TRACT;BLOCK;SHEETS
Census Block;25;009;2201.01;1001;1
Census Block;25;009;2201.01;1004;1
Census Block;25;009;2201.01;1006;1
Census Block;25;009;2201.01;1009;1
Census Block;25;009;2201.01;1010;1
Census Block;25;009;2201.01;1011;1
Census Block;25;009;2201.01;1013;1
Census Block;25;009;2201.01;1014;1
Census Block;25;009;2201.01;1016;1
Census Block;25;009;2201.01;1017;1
Census Block;25;009;2201.01;1018;1
Census Block;25;009;2201.01;1019;1
Census Block;25;009;2201.01;1020;1
Census Block;25;009;2201.01;1021;1
Census Block;25;009;2201.01;1022;1
Census Block;25;009;2201.01;1023;1
Census Block;25;009;2201.01;1024;1
Census Block;25;009;2201.01;1025;1
Census Block;25;009;2201.01;1026;1
Census Block;25;009;2201.01;1027;1
Census Block;25;009;2201.01;1028;1
Census Block;25;009;2201.01;1029;1
Census Block;25;009;2201.01;1030;1
Census Block;25;009;2201.01;1031;1
Census Block;25;009;2201.01;1032;1
Census Block;25;009;2201.01;1033;1
Census Block;25;009;2201.01;1034;1
Census Block;25;009;2201.01;1035;1
Census Block;25;009;2201.01;1036;1
Census Block;25;009;2201.01;1037;1
Census Block;25;009;2201.01;1038;1
Census Block;25;009;2201.01;1039;1
Census Block;25;009;2201.01;1040;1
Census Block;25;009;2201.01;1041;1
Census Block;25;009;2201.01;1042;1
Census Block;25;009;2201.01;1043;1
Census Block;25;009;2201.01;1044;1
Census Block;25;009;2201.01;1045;1
Census Block;25;009;2201.01;1046;1
Census Block;25;009;2201.01;1047;1
Census Block;25;009;2201.01;2000;1
Census Block;25;009;2201.01;2001;1
Census Block;25;009;2201.01;2002;1
Census Block;25;009;2201.01;2003;1
Census Block;25;009;2201.01;2004;1
Census Block;25;009;2201.01;2005;1
Census Block;25;009;2201.01;2006;1
Census Block;25;009;2201.01;2007;1
Census Block;25;009;2201.01;2008;1
Census Block;25;009;2201.01;2009;1
Census Block;25;009;2201.01;2010;1
Census Block;25;009;2201.01;2011;1
Census Block;25;009;2201.01;2012;1
Census Block;25;009;2201.01;2013;1
Census Block;25;009;2201.01;2014;1
Census Block;25;009;2201.01;2015;1
Census Block;25;009;2201.01;2016;1
Census Block;25;009;2201.01;2017;1
Census Block;25;009;2201.01;2018;1
Census Block;25;009;2201.01;2019;1
Census Block;25;009;2201.01;2020;1
Census Block;25;009;2201.01;2021;1
Census Block;25;009;2201.01;2022;1
Census Block;25;009;2201.01;2023;1
Census Block;25;009;2201.01;2024;1
Census Block;25;009;2201.01;3002;1
Census Block;25;009;2201.01;3004;1
Census Block;25;009;2201.01;3005;1
Census Block;25;009;2201.01;3006;1
Census Block;25;009;2201.01;3007;1
Census Block;25;009;2201.01;3008;1
Census Block;25;009;2201.01;3009;1
Census Block;25;009;2201.01;3010;1
Census Block;25;009;2201.01;3011;1
Census Block;25;009;2201.01;3012;1
Census Block;25;009;2201.01;3013;1
Census Block;25;009;2201.01;3014;1
Census Block;25;009;2201.01;3015;1
Census Block;25;009;2201.01;3016;1
Census Block;25;009;2201.01;3017;1
Census Block;25;009;2201.01;3018;1
Census Block;25;009;2201.01;3019;1
Census Block;25;009;2201.01;3020;1
Census Block;25;009;2201.01;3021;1
Census Block;25;009;2201.01;3022;1
Census Block;25;009;2201.01;3023;1
Census Block;25;009;2201.01;3024;1
Census Block;25;009;2201.01;3025;1
Census Block;25;009;2201.01;3026;1
Census Block;25;009;2201.01;3027;1
Census Block;25;009;2201.01;3028;1
Census Block;25;009;2201.01;3029;1
Census Block;25;009;2201.01;3030;1
Census Block;25;009;2201.01;3031;1
Census Block;25;009;2201.01;3032;1
Census Block;25;009;2201.01;3033;1
Census Block;25;009;2201.01;3034;1
Census Block;25;009;2201.01;4002;1
Census Block;25;009;2201.01;4003;1
Census Block;25;009;2201.01;4004;1
Census Block;25;009;2201.01;4005;1
Census Block;25;009;2201.01;4006;1
Census Block;25;009;2201.01;4007;1
Census Block;25;009;2201.01;4008;1
Census Block;25;009;2201.01;4009;1
Census Block;25;009;2201.01;4010;1
Census Block;25;009;2201.01;4011;1
Census Block;25;009;2201.01;4012;1
Census Block;25;009;2201.01;4013;1
Census Block;25;009;2201.01;4014;1
Census Block;25;009;2201.01;4015;1
Census Block;25;009;2201.01;4016;1
Census Block;25;009;2201.01;4017;1
Census Block;25;009;2201.01;4018;1
Census Block;25;009;2201.01;4019;1
Census Block;25;009;2201.01;4020;1
Census Block;25;009;2201.01;4021;1
Census Block;25;009;2201.01;4022;1
Census Block;25;009;2201.01;4023;1
Census Block;25;009;2201.01;4024;1
Census Block;25;009;2201.01;4025;1
Census Block;25;009;2201.01;4026;1
Census Block;25;009;2201.01;4027;1
Census Block;25;009;2201.01;4028;1
Census Block;25;009;2201.01;4029;1
Census Block;25;009;2201.01;4030;1
Census Block;25;009;2201.01;4031;1
Census Block;25;009;2201.01;4032;1
Census Block;25;009;2201.01;4033;1
Census Block;25;009;2201.01;4034;1
Census Block;25;009;2201.01;4035;1
Census Block;25;009;2201.02;1046;1
Census Block;25;009;2201.02;1047;1
Census Block;25;009;2201.02;1048;1
Census Block;25;009;2201.02;1049;1
Census Block;25;009;2201.02;1058;1
Census Block;25;009;2201.02;1059;1
Census Block;25;009;2201.02;1060;1
Census Block;25;009;2201.02;1061;1
Census Block;25;009;2201.02;1062;1
Census Block;25;009;2201.02;2000;1
Census Block;25;009;2201.02;2001;1
Census Block;25;009;2201.02;2002;1
Census Block;25;009;2201.02;2003;1
Census Block;25;009;2201.02;2004;1
Census Block;25;009;2201.02;2005;1
Census Block;25;009;2201.02;2006;1
Census Block;25;009;2201.02;2007;1
Census Block;25;009;2201.02;2008;1
Census Block;25;009;2201.02;2009;1
Census Block;25;009;2201.02;2010;1
Census Block;25;009;2201.02;2011;1
Census Block;25;009;2201.02;2012;1
Census Block;25;009;2201.02;2013;1
Census Block;25;009;2201.02;2014;1
Census Block;25;009;2201.02;2015;1
Census Block;25;009;2201.02;2016;1
Census Block;25;009;2201.02;2017;1
