TYPE;STATE;COUNTY;TRACT;BLOCK;SHEETS
Census Block;25;009;2032.00;1002;7
Census Block;25;009;2032.00;1010;7
Census Block;25;009;2032.00;1011;7
Census Block;25;009;2041.01;1000;6
Census Block;25;009;2041.01;1001;6
Census Block;25;009;2041.01;1002;6
Census Block;25;009;2041.01;1003;6
Census Block;25;009;2041.01;1004;6
Census Block;25;009;2041.01;1005;6
Census Block;25;009;2041.01;1006;6
Census Block;25;009;2041.01;1007;6
Census Block;25;009;2041.01;1008;6
Census Block;25;009;2041.01;1009;6
Census Block;25;009;2041.01;1010;6
Census Block;25;009;2041.01;1011;6
Census Block;25;009;2041.01;1012;6
Census Block;25;009;2041.01;1013;6
Census Block;25;009;2041.01;1014;6
Census Block;25;009;2041.01;1015;6
Census Block;25;009;2041.01;1016;6
Census Block;25;009;2041.01;1017;6
Census Block;25;009;2041.01;1018;6
Census Block;25;009;2041.01;1019;6
Census Block;25;009;2041.01;1020;6
Census Block;25;009;2041.01;2000;6
Census Block;25;009;2041.01;2001;6
Census Block;25;009;2041.01;2002;6
Census Block;25;009;2041.01;2003;6
Census Block;25;009;2041.01;2004;6
Census Block;25;009;2041.01;2005;6
Census Block;25;009;2041.01;2006;6
Census Block;25;009;2041.01;2007;6
Census Block;25;009;2041.01;2008;6
Census Block;25;009;2041.01;2009;6
Census Block;25;009;2041.01;2010;6
Census Block;25;009;2041.01;2011;6
Census Block;25;009;2041.01;2012;6
Census Block;25;009;2041.01;2013;6
Census Block;25;009;2041.01;2014;6
Census Block;25;009;2041.01;2015;6
Census Block;25;009;2041.01;3000;6
Census Block;25;009;2041.01;3001;6
Census Block;25;009;2041.01;3002;6
Census Block;25;009;2041.01;3003;6
Census Block;25;009;2041.01;3004;6
Census Block;25;009;2041.01;3005;6
Census Block;25;009;2041.01;3006;6
Census Block;25;009;2041.01;3007;6
Census Block;25;009;2041.01;3008;6
Census Block;25;009;2041.01;3009;6
Census Block;25;009;2041.01;3010;6
Census Block;25;009;2041.01;3011;6
Census Block;25;009;2041.01;3012;6
Census Block;25;009;2041.01;3013;6
Census Block;25;009;2041.01;3014;6
Census Block;25;009;2041.01;4000;6
Census Block;25;009;2041.01;4001;6
Census Block;25;009;2041.01;4002;6
Census Block;25;009;2041.01;4003;6
Census Block;25;009;2041.01;4004;6
Census Block;25;009;2041.01;4005;6
Census Block;25;009;2041.01;4006;6
Census Block;25;009;2041.01;4007;6
Census Block;25;009;2041.01;4008;6
Census Block;25;009;2041.02;1000;6
Census Block;25;009;2041.02;1001;6
Census Block;25;009;2041.02;1002;6
Census Block;25;009;2041.02;1003;6
Census Block;25;009;2041.02;1004;6
Census Block;25;009;2041.02;1005;6
Census Block;25;009;2041.02;1006;6
Census Block;25;009;2041.02;1007;6
Census Block;25;009;2041.02;1008;6
Census Block;25;009;2041.02;1009;6
Census Block;25;009;2041.02;1010;6
Census Block;25;009;2041.02;1011;6
Census Block;25;009;2041.02;1012;6
Census Block;25;009;2041.02;1013;6
Census Block;25;009;2041.02;1014;6
Census Block;25;009;2041.02;1015;6
Census Block;25;009;2041.02;1016;6
Census Block;25;009;2041.02;1017;6
Census Block;25;009;2041.02;1018;6
Census Block;25;009;2041.02;1019;6
Census Block;25;009;2041.02;1020;6
Census Block;25;009;2041.02;1021;6
Census Block;25;009;2041.02;1022;6
Census Block;25;009;2041.02;1023;6
Census Block;25;009;2041.02;1024;6
Census Block;25;009;2041.02;2000;6
Census Block;25;009;2041.02;2001;6
Census Block;25;009;2041.02;2002;6
Census Block;25;009;2041.02;2003;6
Census Block;25;009;2041.02;2004;6
Census Block;25;009;2041.02;2005;6
Census Block;25;009;2041.02;2006;6
Census Block;25;009;2041.02;2007;6
Census Block;25;009;2041.02;2008;6
Census Block;25;009;2041.02;2009;6
Census Block;25;009;2041.02;2010;6
Census Block;25;009;2041.02;2011;6
Census Block;25;009;2041.02;2012;6
Census Block;25;009;2041.02;2013;6
Census Block;25;009;2041.02;2014;6
Census Block;25;009;2041.02;2015;6
Census Block;25;009;2041.02;2016;6
Census Block;25;009;2041.02;2017;6
Census Block;25;009;2041.02;2018;6
Census Block;25;009;2041.02;2019;6
Census Block;25;009;2041.02;2020;6
Census Block;25;009;2041.02;2021;6
Census Block;25;009;2041.02;2022;6
Census Block;25;009;2041.02;2023;6
Census Block;25;009;2041.02;2024;6
Census Block;25;009;2041.02;2025;6
Census Block;25;009;2041.02;2026;6
Census Block;25;009;2041.02;2027;6
Census Block;25;009;2041.02;2028;6
Census Block;25;009;2041.02;2029;6
Census Block;25;009;2041.02;2030;6
Census Block;25;009;2041.02;2031;6
Census Block;25;009;2041.02;2032;6
Census Block;25;009;2042.00;1000;6
Census Block;25;009;2042.00;1001;6
Census Block;25;009;2042.00;1002;6
Census Block;25;009;2042.00;1003;6
Census Block;25;009;2042.00;1004;6
Census Block;25;009;2042.00;1005;6
Census Block;25;009;2042.00;1006;6
Census Block;25;009;2042.00;1007;6
Census Block;25;009;2042.00;1008;6
Census Block;25;009;2042.00;1009;6
Census Block;25;009;2042.00;1010;6
Census Block;25;009;2042.00;1011;6
Census Block;25;009;2042.00;1012;6
Census Block;25;009;2042.00;1013;6
Census Block;25;009;2042.00;2000;2
Census Block;25;009;2042.00;2001;2,6
Census Block;25;009;2042.00;2002;6
Census Block;25;009;2042.00;2003;2,6
Census Block;25;009;2042.00;2004;6
Census Block;25;009;2042.00;2005;6
Census Block;25;009;2042.00;2006;6
Census Block;25;009;2042.00;2007;2,6
Census Block;25;009;2042.00;2008;6
Census Block;25;009;2042.00;2009;6
Census Block;25;009;2042.00;2010;6
Census Block;25;009;2042.00;2011;6
Census Block;25;009;2042.00;2012;6
Census Block;25;009;2042.00;2013;6
Census Block;25;009;2042.00;2014;6
Census Block;25;009;2042.00;2015;6
Census Block;25;009;2042.00;3000;2
Census Block;25;009;2042.00;3001;2
Census Block;25;009;2042.00;3002;2
Census Block;25;009;2042.00;3003;2
Census Block;25;009;2042.00;3004;2
Census Block;25;009;2042.00;3005;2
Census Block;25;009;2042.00;3006;2
Census Block;25;009;2042.00;3007;2,6
Census Block;25;009;2042.00;3008;2
Census Block;25;009;2042.00;3009;2
Census Block;25;009;2042.00;3010;2,6
Census Block;25;009;2042.00;3011;2,6
Census Block;25;009;2042.00;3012;2,6
Census Block;25;009;2042.00;3013;6
Census Block;25;009;2042.00;3014;6
Census Block;25;009;2042.00;3015;6
Census Block;25;009;2042.00;3016;6
Census Block;25;009;2042.00;3017;6
Census Block;25;009;2042.00;3018;6
Census Block;25;009;2042.00;3019;6
Census Block;25;009;2042.00;3020;6
Census Block;25;009;2042.00;3021;6
Census Block;25;009;2042.00;3022;6
Census Block;25;009;2042.00;3023;6
Census Block;25;009;2042.00;4000;6
Census Block;25;009;2042.00;4001;6
Census Block;25;009;2042.00;4002;6
Census Block;25;009;2042.00;4003;6
Census Block;25;009;2042.00;4004;6
Census Block;25;009;2042.00;4005;6
Census Block;25;009;2042.00;4006;6
Census Block;25;009;2042.00;4007;6
Census Block;25;009;2042.00;5000;2
Census Block;25;009;2042.00;5001;2
Census Block;25;009;2042.00;5002;2
Census Block;25;009;2042.00;5003;2
Census Block;25;009;2042.00;5004;2,6
Census Block;25;009;2042.00;5005;2
Census Block;25;009;2042.00;5006;2,6
Census Block;25;009;2042.00;5007;2,6
Census Block;25;009;2042.00;5008;2,6
Census Block;25;009;2042.00;5009;6
Census Block;25;009;2042.00;5010;6
Census Block;25;009;2042.00;5011;6
Census Block;25;009;2042.00;5012;6
Census Block;25;009;2042.00;5013;6
Census Block;25;009;2042.00;5014;6
Census Block;25;009;2042.00;5015;6
Census Block;25;009;2042.00;5016;6
Census Block;25;009;2042.00;5017;6
Census Block;25;009;2042.00;5018;6
Census Block;25;009;2043.00;1000;2
Census Block;25;009;2043.00;1001;2
Census Block;25;009;2043.00;1002;2
Census Block;25;009;2043.00;1003;2
Census Block;25;009;2043.00;1004;2
Census Block;25;009;2043.00;1005;2
Census Block;25;009;2043.00;1006;2
Census Block;25;009;2043.00;1007;2
Census Block;25;009;2043.00;1008;2
Census Block;25;009;2043.00;1009;2
Census Block;25;009;2043.00;1010;2
Census Block;25;009;2043.00;1011;2
Census Block;25;009;2043.00;1012;2
Census Block;25;009;2043.00;1013;2
Census Block;25;009;2043.00;1014;2
Census Block;25;009;2043.00;1015;2
Census Block;25;009;2043.00;1016;2
Census Block;25;009;2043.00;1017;2
Census Block;25;009;2043.00;1018;2
Census Block;25;009;2043.00;1019;2
Census Block;25;009;2043.00;1020;2,6
Census Block;25;009;2043.00;1021;2
Census Block;25;009;2043.00;1022;2
Census Block;25;009;2043.00;1023;2,6
Census Block;25;009;2043.00;1024;2,6
Census Block;25;009;2043.00;1025;2
Census Block;25;009;2043.00;1026;2
Census Block;25;009;2043.00;1027;2
Census Block;25;009;2043.00;1028;2,6
Census Block;25;009;2043.00;2000;6
Census Block;25;009;2043.00;2001;6
Census Block;25;009;2043.00;2002;6
Census Block;25;009;2043.00;2003;6
Census Block;25;009;2043.00;2004;6
Census Block;25;009;2043.00;2005;6
Census Block;25;009;2043.00;2006;6
Census Block;25;009;2043.00;2007;6
Census Block;25;009;2043.00;2008;6
Census Block;25;009;2043.00;2009;6
Census Block;25;009;2043.00;2010;6
Census Block;25;009;2043.00;3000;2
Census Block;25;009;2043.00;3001;2,6
Census Block;25;009;2043.00;3002;6
Census Block;25;009;2043.00;3003;6
Census Block;25;009;2043.00;3004;2,6
Census Block;25;009;2043.00;3005;6
Census Block;25;009;2043.00;3006;6
Census Block;25;009;2043.00;3007;6
Census Block;25;009;2043.00;3008;6
Census Block;25;009;2043.00;3009;2,6
Census Block;25;009;2044.00;1000;4
Census Block;25;009;2044.00;1001;3,4
Census Block;25;009;2044.00;1002;3,4
Census Block;25;009;2044.00;1003;2,3
Census Block;25;009;2044.00;1004;2,3
Census Block;25;009;2044.00;1005;2,3
Census Block;25;009;2044.00;1006;3
Census Block;25;009;2044.00;1007;3
Census Block;25;009;2044.00;1008;2
Census Block;25;009;2044.00;1009;3
Census Block;25;009;2044.00;1010;3
Census Block;25;009;2044.00;1011;2
Census Block;25;009;2044.00;1012;2,3
Census Block;25;009;2044.00;1013;2,3
Census Block;25;009;2044.00;1014;3
Census Block;25;009;2044.00;1015;3
Census Block;25;009;2044.00;1016;3
Census Block;25;009;2044.00;1017;2,3
Census Block;25;009;2044.00;1018;3
Census Block;25;009;2044.00;1019;3
Census Block;25;009;2044.00;1020;2,3,6
Census Block;25;009;2044.00;1021;2
Census Block;25;009;2044.00;1022;2
Census Block;25;009;2044.00;1023;2,3
Census Block;25;009;2044.00;1024;2,3
Census Block;25;009;2044.00;1025;2
Census Block;25;009;2044.00;1026;3
Census Block;25;009;2044.00;1027;3
Census Block;25;009;2044.00;1028;3
Census Block;25;009;2044.00;1029;2
Census Block;25;009;2044.00;1030;2
Census Block;25;009;2044.00;1031;2
Census Block;25;009;2044.00;1032;2,3
Census Block;25;009;2044.00;1033;2
Census Block;25;009;2044.00;1034;2
Census Block;25;009;2044.00;1035;2
Census Block;25;009;2044.00;1036;3
Census Block;25;009;2044.00;1037;3
Census Block;25;009;2044.00;1038;3
Census Block;25;009;2044.00;2000;2
Census Block;25;009;2044.00;2001;2
Census Block;25;009;2044.00;2002;2
Census Block;25;009;2044.00;2003;2
Census Block;25;009;2044.00;2004;2
Census Block;25;009;2044.00;2005;2
Census Block;25;009;2044.00;2006;2
Census Block;25;009;2044.00;2007;2
Census Block;25;009;2044.00;2008;2
Census Block;25;009;2044.00;2009;2
Census Block;25;009;2044.00;2010;2
Census Block;25;009;2044.00;2011;2
Census Block;25;009;2044.00;3000;2
Census Block;25;009;2044.00;3001;2
Census Block;25;009;2044.00;3002;2
Census Block;25;009;2044.00;3003;2
Census Block;25;009;2044.00;3004;2
Census Block;25;009;2044.00;3005;2
Census Block;25;009;2044.00;3006;2
Census Block;25;009;2044.00;3007;2
Census Block;25;009;2044.00;3008;2
Census Block;25;009;2044.00;4000;2
Census Block;25;009;2044.00;4001;2
Census Block;25;009;2044.00;4002;2,3
Census Block;25;009;2044.00;4003;2
Census Block;25;009;2044.00;4004;2
Census Block;25;009;2044.00;4005;2
Census Block;25;009;2044.00;4006;2
Census Block;25;009;2044.00;4007;2
Census Block;25;009;2044.00;4008;2
Census Block;25;009;2044.00;4009;2
Census Block;25;009;2044.00;4010;2
Census Block;25;009;2044.00;4011;2
Census Block;25;009;2044.00;4012;2
Census Block;25;009;2044.00;4013;2
Census Block;25;009;2044.00;4014;2
Census Block;25;009;2044.00;4015;2
Census Block;25;009;2044.00;4016;2
Census Block;25;009;2044.00;4017;2
Census Block;25;009;2044.00;4018;2
Census Block;25;009;2044.00;4019;2
Census Block;25;009;2045.00;1000;2
Census Block;25;009;2045.00;1001;2
Census Block;25;009;2045.00;1002;2
Census Block;25;009;2045.00;1003;2
Census Block;25;009;2045.00;1004;2
Census Block;25;009;2045.00;1005;2
Census Block;25;009;2045.00;1006;2
Census Block;25;009;2045.00;1007;2
Census Block;25;009;2045.00;1008;2
Census Block;25;009;2045.00;1009;2
Census Block;25;009;2045.00;1010;2
Census Block;25;009;2045.00;1011;2
Census Block;25;009;2045.00;1012;2
Census Block;25;009;2045.00;1013;2
Census Block;25;009;2045.00;1014;2
Census Block;25;009;2045.00;1015;2
Census Block;25;009;2045.00;1016;2
Census Block;25;009;2045.00;1017;2
Census Block;25;009;2045.00;1018;2
Census Block;25;009;2045.00;1019;2
Census Block;25;009;2045.00;1020;2
Census Block;25;009;2045.00;1021;2
Census Block;25;009;2045.00;1022;2
Census Block;25;009;2045.00;1023;2
Census Block;25;009;2045.00;1024;2
Census Block;25;009;2045.00;1025;2
Census Block;25;009;2045.00;1026;2
Census Block;25;009;2045.00;1027;2
Census Block;25;009;2045.00;1028;2
Census Block;25;009;2045.00;1029;2
Census Block;25;009;2045.00;1030;2
Census Block;25;009;2045.00;1031;2
Census Block;25;009;2045.00;1032;2
Census Block;25;009;2045.00;1033;2
Census Block;25;009;2045.00;1034;2
Census Block;25;009;2045.00;2000;2
Census Block;25;009;2045.00;2001;2
Census Block;25;009;2045.00;2002;2
Census Block;25;009;2045.00;2003;2
Census Block;25;009;2045.00;2004;2
Census Block;25;009;2045.00;2005;2
Census Block;25;009;2045.00;2006;2
Census Block;25;009;2045.00;2007;2
Census Block;25;009;2045.00;2008;2
Census Block;25;009;2045.00;2009;2
Census Block;25;009;2045.00;2010;2
Census Block;25;009;2045.00;2011;2
Census Block;25;009;2045.00;2012;2
Census Block;25;009;2045.00;2013;2
Census Block;25;009;2045.00;2014;2
Census Block;25;009;2045.00;2015;2
Census Block;25;009;2045.00;2016;2
Census Block;25;009;2045.00;3000;2
Census Block;25;009;2045.00;3001;2
Census Block;25;009;2045.00;3002;2
Census Block;25;009;2045.00;3003;2
Census Block;25;009;2045.00;3004;2
Census Block;25;009;2045.00;3005;2
Census Block;25;009;2045.00;3006;2
Census Block;25;009;2045.00;3007;2
Census Block;25;009;2045.00;3008;2
Census Block;25;009;2045.00;3009;2
Census Block;25;009;2045.00;3010;2
Census Block;25;009;2045.00;3011;2
Census Block;25;009;2045.00;3012;2
Census Block;25;009;2045.00;3013;2
Census Block;25;009;2045.00;3014;2
Census Block;25;009;2045.00;3015;2
Census Block;25;009;2045.00;3016;2
Census Block;25;009;2045.00;3017;2
Census Block;25;009;2045.00;3018;2
Census Block;25;009;2045.00;3019;2
Census Block;25;009;2045.00;3020;2
Census Block;25;009;2045.00;3021;2
Census Block;25;009;2045.00;3022;2
Census Block;25;009;2046.00;1000;2
Census Block;25;009;2046.00;1001;2
Census Block;25;009;2046.00;1002;2
Census Block;25;009;2046.00;1003;2
Census Block;25;009;2046.00;1004;2
Census Block;25;009;2046.00;1005;2
Census Block;25;009;2046.00;1006;2
Census Block;25;009;2046.00;1007;2
Census Block;25;009;2046.00;1008;2
Census Block;25;009;2046.00;1009;2
Census Block;25;009;2046.00;1010;2
Census Block;25;009;2046.00;1011;2
Census Block;25;009;2046.00;1012;2
Census Block;25;009;2046.00;1013;2
Census Block;25;009;2046.00;1014;2
Census Block;25;009;2046.00;1015;2
Census Block;25;009;2046.00;1016;2
Census Block;25;009;2046.00;1017;2
Census Block;25;009;2046.00;1018;2
Census Block;25;009;2046.00;1019;2
Census Block;25;009;2046.00;1020;2
Census Block;25;009;2046.00;1021;2
Census Block;25;009;2046.00;1022;2
Census Block;25;009;2046.00;1023;2
Census Block;25;009;2046.00;1024;2
Census Block;25;009;2046.00;1025;2
Census Block;25;009;2046.00;1026;2
Census Block;25;009;2046.00;1027;2
Census Block;25;009;2046.00;1028;2
Census Block;25;009;2046.00;1029;2
Census Block;25;009;2046.00;1030;2
Census Block;25;009;2046.00;1031;2
Census Block;25;009;2046.00;1032;2
Census Block;25;009;2046.00;1033;2
Census Block;25;009;2046.00;1034;2
Census Block;25;009;2046.00;1035;2
Census Block;25;009;2046.00;1036;2
Census Block;25;009;2046.00;1037;2
Census Block;25;009;2046.00;1038;2
Census Block;25;009;2046.00;1039;2
Census Block;25;009;2046.00;1040;2
Census Block;25;009;2046.00;1041;2
Census Block;25;009;2046.00;1042;2
Census Block;25;009;2046.00;1043;2
Census Block;25;009;2046.00;1044;2
Census Block;25;009;2046.00;1045;2
Census Block;25;009;2046.00;1046;2
Census Block;25;009;2046.00;1047;2
Census Block;25;009;2046.00;1048;2
Census Block;25;009;2046.00;1049;2
Census Block;25;009;2046.00;1050;2
Census Block;25;009;2046.00;1051;2
Census Block;25;009;2046.00;1052;2
Census Block;25;009;2046.00;1053;2
Census Block;25;009;2046.00;1054;2
Census Block;25;009;2046.00;1055;2
Census Block;25;009;2046.00;1056;2
Census Block;25;009;2046.00;1057;2
Census Block;25;009;2046.00;1058;2
Census Block;25;009;2046.00;1059;2
Census Block;25;009;2046.00;1060;2
Census Block;25;009;2046.00;1061;2
Census Block;25;009;2046.00;1062;2
Census Block;25;009;2046.00;1063;2
Census Block;25;009;2046.00;1064;2
Census Block;25;009;2046.00;1065;2
Census Block;25;009;2046.00;1066;2
Census Block;25;009;2046.00;1067;2
Census Block;25;009;2046.00;1068;2
Census Block;25;009;2046.00;1069;2
Census Block;25;009;2046.00;1070;2
Census Block;25;009;2046.00;1071;2
Census Block;25;009;2046.00;1072;2
Census Block;25;009;2046.00;1073;2
Census Block;25;009;2046.00;1074;2
Census Block;25;009;2046.00;1075;2
Census Block;25;009;2046.00;1076;2
Census Block;25;009;2046.00;1077;2
Census Block;25;009;2046.00;1078;2
Census Block;25;009;2046.00;1079;2
Census Block;25;009;2046.00;1080;2
Census Block;25;009;2046.00;1081;2
Census Block;25;009;2046.00;1082;2
Census Block;25;009;2046.00;1083;2
Census Block;25;009;2046.00;1084;2
Census Block;25;009;2046.00;1085;2
Census Block;25;009;2046.00;1086;2
Census Block;25;009;2046.00;1087;2
Census Block;25;009;2046.00;1088;2
Census Block;25;009;2046.00;1089;2
Census Block;25;009;2046.00;1090;2
Census Block;25;009;2046.00;1091;2
Census Block;25;009;2046.00;1092;2
Census Block;25;009;2046.00;1093;2
Census Block;25;009;2046.00;1094;2
Census Block;25;009;2046.00;1095;2
Census Block;25;009;2046.00;1096;2
Census Block;25;009;2046.00;1097;2
Census Block;25;009;2046.00;1098;2
Census Block;25;009;2046.00;1099;2
Census Block;25;009;2046.00;1100;2
Census Block;25;009;2046.00;1101;2
Census Block;25;009;2046.00;1102;2
Census Block;25;009;2046.00;1103;2
Census Block;25;009;2046.00;1104;2
Census Block;25;009;2046.00;1105;2
Census Block;25;009;2046.00;2000;2
Census Block;25;009;2046.00;2001;2
Census Block;25;009;2046.00;2002;2
Census Block;25;009;2046.00;2003;2
Census Block;25;009;2046.00;2004;2
Census Block;25;009;2046.00;2005;2
Census Block;25;009;2046.00;2006;2
Census Block;25;009;2046.00;2007;2
Census Block;25;009;2046.00;2008;2
Census Block;25;009;2046.00;2009;2
Census Block;25;009;2046.00;2010;2
Census Block;25;009;2046.00;2011;2
Census Block;25;009;2046.00;2012;2
Census Block;25;009;2046.00;2013;2
Census Block;25;009;2046.00;2014;2
Census Block;25;009;2046.00;2015;2
Census Block;25;009;2046.00;2016;2
Census Block;25;009;2046.00;2017;2
Census Block;25;009;2046.00;2018;2
Census Block;25;009;2046.00;2019;2
Census Block;25;009;2046.00;2020;2
Census Block;25;009;2046.00;2021;2
Census Block;25;009;2046.00;2022;2
Census Block;25;009;2046.00;2023;2
Census Block;25;009;2046.00;2024;2
Census Block;25;009;2046.00;2025;2
Census Block;25;009;2046.00;2026;2
Census Block;25;009;2046.00;2027;2
Census Block;25;009;2046.00;2028;2
Census Block;25;009;2046.00;2029;2
Census Block;25;009;2046.00;2030;2
Census Block;25;009;2046.00;2031;2
Census Block;25;009;2046.00;2032;2
Census Block;25;009;2046.00;2033;2
Census Block;25;009;2046.00;2034;2
Census Block;25;009;2046.00;2035;2
Census Block;25;009;2046.00;2036;2
Census Block;25;009;2046.00;2037;2
Census Block;25;009;2046.00;2038;2
Census Block;25;009;2046.00;2039;2
Census Block;25;009;2046.00;2040;2
Census Block;25;009;2046.00;2041;2
Census Block;25;009;2046.00;2042;2
Census Block;25;009;2046.00;2043;2
Census Block;25;009;2046.00;2044;2
Census Block;25;009;2046.00;2045;2
Census Block;25;009;2046.00;2046;2
Census Block;25;009;2046.00;2047;2
Census Block;25;009;2046.00;2048;2
Census Block;25;009;2046.00;2049;2
Census Block;25;009;2046.00;2050;2
Census Block;25;009;2046.00;3000;2
Census Block;25;009;2046.00;3001;2
Census Block;25;009;2046.00;3002;2
Census Block;25;009;2046.00;3003;2
Census Block;25;009;2046.00;3004;2
Census Block;25;009;2046.00;3005;2
Census Block;25;009;2046.00;3006;2
Census Block;25;009;2046.00;3007;2
Census Block;25;009;2046.00;3008;2
Census Block;25;009;2046.00;3009;2
Census Block;25;009;2046.00;3010;2
Census Block;25;009;2046.00;3011;2
Census Block;25;009;2046.00;3012;2
Census Block;25;009;2046.00;3013;2
Census Block;25;009;2046.00;3014;2
Census Block;25;009;2046.00;3015;2
Census Block;25;009;2046.00;3016;2
Census Block;25;009;2046.00;3017;2
Census Block;25;009;2046.00;3018;2
Census Block;25;009;2046.00;3019;2
Census Block;25;009;2046.00;4000;2
Census Block;25;009;2046.00;4001;2
Census Block;25;009;2046.00;4002;2
Census Block;25;009;2046.00;4003;2
Census Block;25;009;2046.00;4004;2
Census Block;25;009;2046.00;4005;2
Census Block;25;009;2046.00;4006;2
Census Block;25;009;2046.00;4007;2
Census Block;25;009;2046.00;4008;2
Census Block;25;009;2046.00;4009;2
Census Block;25;009;2046.00;4010;2
Census Block;25;009;2046.00;4011;2
Census Block;25;009;2046.00;4012;2
Census Block;25;009;2046.00;4013;2
Census Block;25;009;2046.00;5000;2
Census Block;25;009;2046.00;5001;2
Census Block;25;009;2046.00;5002;2
Census Block;25;009;2046.00;5003;2
Census Block;25;009;2046.00;5004;2
Census Block;25;009;2046.00;5005;2
Census Block;25;009;2046.00;5006;2
Census Block;25;009;2046.00;5007;2
Census Block;25;009;2046.00;5008;2
Census Block;25;009;2046.00;5009;2
Census Block;25;009;2047.01;1000;5
Census Block;25;009;2047.01;1001;5
Census Block;25;009;2047.01;1002;5
Census Block;25;009;2047.01;1003;5
Census Block;25;009;2047.01;1004;5
Census Block;25;009;2047.01;1005;5
Census Block;25;009;2047.01;1006;5
Census Block;25;009;2047.01;1007;5
Census Block;25;009;2047.01;1008;5
Census Block;25;009;2047.01;1009;5
Census Block;25;009;2047.01;1010;5
Census Block;25;009;2047.01;1011;5
Census Block;25;009;2047.01;1012;5
Census Block;25;009;2047.01;1013;5
Census Block;25;009;2047.01;2000;2,6
Census Block;25;009;2047.01;2001;2
Census Block;25;009;2047.01;2002;6
Census Block;25;009;2047.01;2003;6
Census Block;25;009;2047.01;2004;6
Census Block;25;009;2047.01;2005;6
Census Block;25;009;2047.01;2006;6
Census Block;25;009;2047.01;2007;6
Census Block;25;009;2047.01;2008;6
Census Block;25;009;2047.01;2009;6
Census Block;25;009;2047.01;2010;6
Census Block;25;009;2047.01;2011;6
Census Block;25;009;2047.01;2012;6
Census Block;25;009;2047.01;2013;6
Census Block;25;009;2047.01;2014;6
Census Block;25;009;2047.01;2015;6
Census Block;25;009;2047.01;3000;6
Census Block;25;009;2047.01;3001;6
Census Block;25;009;2047.01;3002;6
Census Block;25;009;2047.01;3003;6
Census Block;25;009;2047.01;3004;6
Census Block;25;009;2047.01;3005;6
Census Block;25;009;2047.01;3006;5,6
Census Block;25;009;2047.01;3007;5,6
Census Block;25;009;2047.01;3008;5,6
Census Block;25;009;2047.01;3009;5,6
Census Block;25;009;2047.01;3010;6
Census Block;25;009;2047.01;3011;5,6
Census Block;25;009;2047.01;3012;5
Census Block;25;009;2047.01;3013;5,6
Census Block;25;009;2047.01;3014;5
Census Block;25;009;2047.01;3015;6
Census Block;25;009;2047.01;3016;5,6
Census Block;25;009;2047.01;3017;6
Census Block;25;009;2047.01;3018;5,6
Census Block;25;009;2047.01;3019;5
Census Block;25;009;2047.01;3020;5
Census Block;25;009;2047.01;3021;5
Census Block;25;009;2047.01;3022;5,6
Census Block;25;009;2047.01;3023;5
Census Block;25;009;2047.01;3024;5
Census Block;25;009;2047.01;3025;5
Census Block;25;009;2047.01;3026;5
Census Block;25;009;2047.01;3027;5
Census Block;25;009;2047.01;3028;5
Census Block;25;009;2047.01;3029;6
Census Block;25;009;2047.01;3030;5
Census Block;25;009;2047.01;3031;5
Census Block;25;009;2047.02;1000;2
Census Block;25;009;2047.02;1001;2
Census Block;25;009;2047.02;1002;2
Census Block;25;009;2047.02;1003;2
Census Block;25;009;2047.02;1004;2
Census Block;25;009;2047.02;1005;2
Census Block;25;009;2047.02;1006;2
Census Block;25;009;2047.02;1007;2
Census Block;25;009;2047.02;1008;2
Census Block;25;009;2047.02;1009;2
Census Block;25;009;2047.02;1010;2
Census Block;25;009;2047.02;1011;2
Census Block;25;009;2047.02;1012;2,6
Census Block;25;009;2047.02;1013;2,6
Census Block;25;009;2047.02;1014;2,6
Census Block;25;009;2047.02;1015;6
Census Block;25;009;2047.02;2000;6
Census Block;25;009;2047.02;2001;6
Census Block;25;009;2047.02;2002;6
Census Block;25;009;2047.02;2003;6
Census Block;25;009;2047.02;2004;6
Census Block;25;009;2047.02;2005;6
Census Block;25;009;2047.02;2006;6
Census Block;25;009;2047.02;2007;6
Census Block;25;009;2047.02;2008;6
Census Block;25;009;2047.02;2009;6
Census Block;25;009;2047.02;2010;6
Census Block;25;009;2047.02;2011;6
Census Block;25;009;2047.02;2012;6
Census Block;25;009;2047.02;2013;1,2,5,6
Census Block;25;009;2047.02;2014;5
Census Block;25;009;2047.02;2015;5
Census Block;25;009;2047.02;2016;5,6
Census Block;25;009;2047.02;2017;5,6
Census Block;25;009;2047.02;2018;6
Census Block;25;009;2047.02;2019;6
Census Block;25;009;2047.02;2020;5
Census Block;25;009;2047.02;2021;5
Census Block;25;009;2047.02;2022;6
Census Block;25;009;2047.02;2023;5
Census Block;25;009;2047.02;2024;5
Census Block;25;009;2047.02;2025;5
Census Block;25;009;2047.02;2026;5
Census Block;25;009;2047.02;2027;5
Census Block;25;009;2047.02;2028;6
Census Block;25;009;2047.02;2029;6
Census Block;25;009;2047.02;2030;5
Census Block;25;009;2047.02;2031;5
Census Block;25;009;2047.02;2032;5
Census Block;25;009;2047.02;3000;2
Census Block;25;009;2047.02;3001;2
Census Block;25;009;2047.02;3002;2
Census Block;25;009;2047.02;3003;2,6
Census Block;25;009;2047.02;3004;2
Census Block;25;009;2047.02;3005;2
Census Block;25;009;2047.02;3006;2
Census Block;25;009;2047.02;3007;2,6
Census Block;25;009;2047.02;3008;2,6
Census Block;25;009;2047.02;3009;2
Census Block;25;009;2047.02;3010;2,6
Census Block;25;009;2047.02;3011;2,6
Census Block;25;009;2047.02;3012;2,6
Census Block;25;009;2047.02;3013;2,6
Census Block;25;009;2047.02;3014;2,6
Census Block;25;009;2047.02;3015;6
Census Block;25;009;2047.02;3016;6
Census Block;25;009;2047.02;3017;6
Census Block;25;009;2047.02;3018;6
Census Block;25;009;2047.02;4000;2
Census Block;25;009;2047.02;4001;2
Census Block;25;009;2047.02;4002;2
Census Block;25;009;2047.02;4003;2
Census Block;25;009;2047.02;4004;2
Census Block;25;009;2047.02;4005;1,2
Census Block;25;009;2047.02;4006;2
Census Block;25;009;2047.02;4007;2,6
Census Block;25;009;2047.02;4008;2
Census Block;25;009;2047.02;4009;1,2,5
Census Block;25;009;2047.02;4010;1
Census Block;25;009;2047.02;4011;1
Census Block;25;009;2047.02;4012;1,5
Census Block;25;009;2047.02;4013;5
Census Block;25;009;2047.02;4014;6
Census Block;25;009;2176.00;5025;4
Census Block;25;009;9901.00;0029;4,7
