TYPE;STATE;COUNTY;TRACT;BLOCK;SHEETS
Census Block;25;017;3681.01;1000;2
Census Block;25;017;3681.01;1001;2
Census Block;25;017;3681.01;1002;1,2
Census Block;25;017;3681.01;1003;1
Census Block;25;017;3681.01;1004;1
Census Block;25;017;3681.01;1005;1
Census Block;25;017;3681.01;1006;1
Census Block;25;017;3681.01;1007;1
Census Block;25;017;3681.01;1008;1
Census Block;25;017;3681.01;1009;1
Census Block;25;017;3681.01;1010;1
Census Block;25;017;3681.01;1011;1
Census Block;25;017;3681.01;1012;1
Census Block;25;017;3681.01;1013;1,2
Census Block;25;017;3681.01;1014;1
Census Block;25;017;3681.01;1015;1
Census Block;25;017;3681.01;2000;2
Census Block;25;017;3681.01;2001;1,2
Census Block;25;017;3681.01;2002;2
Census Block;25;017;3681.01;2003;2
Census Block;25;017;3681.01;2004;2
Census Block;25;017;3681.01;2005;1,2
Census Block;25;017;3681.01;2006;1,2
Census Block;25;017;3681.01;2007;2
Census Block;25;017;3681.01;2008;1
Census Block;25;017;3681.01;2009;1,2
Census Block;25;017;3681.01;2010;2
Census Block;25;017;3681.01;2011;2
Census Block;25;017;3681.01;2012;1,2
Census Block;25;017;3681.01;2013;1,2
Census Block;25;017;3681.01;2014;1
Census Block;25;017;3681.01;2015;1
Census Block;25;017;3681.01;2016;1
Census Block;25;017;3681.01;3000;1,2
Census Block;25;017;3681.01;3001;1
Census Block;25;017;3681.01;3002;1,2
Census Block;25;017;3681.01;3003;1,2
Census Block;25;017;3681.01;3004;1
Census Block;25;017;3681.01;3005;1
Census Block;25;017;3681.01;3006;1
Census Block;25;017;3681.01;3007;1
Census Block;25;017;3681.01;3008;1
Census Block;25;017;3681.01;3009;1
Census Block;25;017;3681.01;3010;1
Census Block;25;017;3681.01;3011;1
Census Block;25;017;3681.01;3012;1
Census Block;25;017;3681.01;3013;1
Census Block;25;017;3681.01;3014;1
Census Block;25;017;3681.01;4000;1
Census Block;25;017;3681.01;4001;1
Census Block;25;017;3681.01;4002;1
Census Block;25;017;3681.01;4003;1
Census Block;25;017;3681.01;4004;1
Census Block;25;017;3681.01;4005;1
Census Block;25;017;3681.01;4006;1
Census Block;25;017;3681.01;4007;1
Census Block;25;017;3681.01;4008;1
Census Block;25;017;3681.01;4009;1
Census Block;25;017;3681.01;4010;1
Census Block;25;017;3681.01;4011;1
Census Block;25;017;3681.01;4012;1
Census Block;25;017;3681.01;4013;1
Census Block;25;017;3681.01;4014;1
Census Block;25;017;3681.01;4015;1
Census Block;25;017;3681.01;4016;1
Census Block;25;017;3681.01;4017;1
Census Block;25;017;3681.01;4018;1
Census Block;25;017;3681.01;4019;1
Census Block;25;017;3681.01;4020;1
Census Block;25;017;3681.02;1000;2
Census Block;25;017;3681.02;1001;2
Census Block;25;017;3681.02;1002;2
Census Block;25;017;3681.02;1003;1,2
Census Block;25;017;3681.02;1004;1,2
Census Block;25;017;3681.02;1005;1
Census Block;25;017;3681.02;1006;1
Census Block;25;017;3681.02;1007;1
Census Block;25;017;3681.02;1008;1
Census Block;25;017;3681.02;1009;1
Census Block;25;017;3681.02;1010;1
Census Block;25;017;3681.02;1011;1
Census Block;25;017;3681.02;1012;1
Census Block;25;017;3681.02;1013;1
Census Block;25;017;3681.02;1014;1
Census Block;25;017;3681.02;1015;1
Census Block;25;017;3681.02;1016;1
Census Block;25;017;3681.02;1017;1
Census Block;25;017;3681.02;1018;1
Census Block;25;017;3681.02;1019;1,2
Census Block;25;017;3681.02;1020;1,2
Census Block;25;017;3681.02;1021;2
Census Block;25;017;3681.02;1022;1
Census Block;25;017;3681.02;1023;1,2
Census Block;25;017;3681.02;1024;1,2
Census Block;25;017;3681.02;1025;1,2
Census Block;25;017;3681.02;1026;2
Census Block;25;017;3681.02;1027;2
Census Block;25;017;3681.02;2000;1
Census Block;25;017;3681.02;2001;1
Census Block;25;017;3681.02;2002;1
Census Block;25;017;3681.02;2003;1
Census Block;25;017;3681.02;2004;1
Census Block;25;017;3681.02;2005;1
Census Block;25;017;3681.02;2006;1
Census Block;25;017;3681.02;2007;1
Census Block;25;017;3681.02;2008;1
Census Block;25;017;3681.02;2009;1
Census Block;25;017;3681.02;2010;1
Census Block;25;017;3681.02;2011;1
Census Block;25;017;3681.02;2012;1
Census Block;25;017;3681.02;2013;1
Census Block;25;017;3681.02;2014;1
Census Block;25;017;3681.02;2015;1
Census Block;25;017;3681.02;2016;1
Census Block;25;017;3681.02;2017;1
Census Block;25;017;3681.02;2018;1
Census Block;25;017;3681.02;2019;1
Census Block;25;017;3681.02;2020;1
Census Block;25;017;3681.02;2021;1
Census Block;25;017;3681.02;2022;1
Census Block;25;017;3681.02;2023;1
Census Block;25;017;3681.02;2024;1
Census Block;25;017;3681.02;2025;1
Census Block;25;017;3681.02;2026;1
Census Block;25;017;3681.02;2027;1
Census Block;25;017;3681.02;2028;1
Census Block;25;017;3681.02;2029;1
Census Block;25;017;3681.02;2030;1
Census Block;25;017;3681.02;2031;1
Census Block;25;017;3681.02;2032;1
Census Block;25;017;3681.02;2033;1
Census Block;25;017;3681.02;2034;1
Census Block;25;017;3681.02;2035;1
Census Block;25;017;3681.02;2036;1
Census Block;25;017;3681.02;2037;1
Census Block;25;017;3681.02;2038;1
Census Block;25;017;3681.02;2039;1
Census Block;25;017;3681.02;2040;1
Census Block;25;017;3681.02;2041;1
Census Block;25;017;3681.02;2042;1
Census Block;25;017;3681.02;2043;1
Census Block;25;017;3681.02;2044;1
Census Block;25;017;3681.02;2045;1
Census Block;25;017;3681.02;2046;1
Census Block;25;017;3681.02;2047;1
Census Block;25;017;3681.02;2048;1
Census Block;25;017;3681.02;2049;1
Census Block;25;017;3682.00;1000;1,2
Census Block;25;017;3682.00;1001;1,2
Census Block;25;017;3682.00;1002;1
Census Block;25;017;3682.00;1003;1,2,3
Census Block;25;017;3682.00;1004;1,3
Census Block;25;017;3682.00;1005;3
Census Block;25;017;3682.00;1006;3
Census Block;25;017;3682.00;1007;1,3
Census Block;25;017;3682.00;1008;1
Census Block;25;017;3682.00;1009;1
Census Block;25;017;3682.00;1010;1,3
Census Block;25;017;3682.00;1011;1
Census Block;25;017;3682.00;1012;1,2,3,4
Census Block;25;017;3682.00;1013;1
Census Block;25;017;3682.00;1014;3
Census Block;25;017;3682.00;1015;3
Census Block;25;017;3682.00;1016;3
Census Block;25;017;3682.00;1017;3
Census Block;25;017;3682.00;2000;3
Census Block;25;017;3682.00;2001;3
Census Block;25;017;3682.00;2002;3
Census Block;25;017;3682.00;2003;3
Census Block;25;017;3682.00;2004;3
Census Block;25;017;3682.00;2005;3
Census Block;25;017;3682.00;2006;3
Census Block;25;017;3682.00;2007;3
Census Block;25;017;3682.00;2008;3
Census Block;25;017;3682.00;2009;3
Census Block;25;017;3682.00;2010;3
Census Block;25;017;3682.00;2011;3
Census Block;25;017;3682.00;3000;3
Census Block;25;017;3682.00;3001;3
Census Block;25;017;3682.00;3002;3
Census Block;25;017;3682.00;3003;3
Census Block;25;017;3682.00;3004;3
Census Block;25;017;3682.00;3005;3
Census Block;25;017;3682.00;3006;3
Census Block;25;017;3682.00;3007;3
Census Block;25;017;3682.00;3008;3
Census Block;25;017;3682.00;3009;3
Census Block;25;017;3682.00;3010;3
Census Block;25;017;3682.00;3011;3
Census Block;25;017;3682.00;3012;3
Census Block;25;017;3682.00;3013;3
Census Block;25;017;3682.00;4000;1
Census Block;25;017;3682.00;4001;1
Census Block;25;017;3682.00;4002;1
Census Block;25;017;3682.00;4003;1
Census Block;25;017;3682.00;4004;1
Census Block;25;017;3682.00;4005;1
Census Block;25;017;3682.00;4006;1
Census Block;25;017;3682.00;4007;1
Census Block;25;017;3682.00;4008;1
Census Block;25;017;3682.00;4009;1
Census Block;25;017;3682.00;4010;1,3
Census Block;25;017;3682.00;4011;3
Census Block;25;017;3682.00;4012;3
Census Block;25;017;3682.00;4013;1
Census Block;25;017;3682.00;4014;1,3
Census Block;25;017;3682.00;4015;1
Census Block;25;017;3682.00;4016;1
Census Block;25;017;3682.00;4017;1,3
Census Block;25;017;3682.00;4018;1
Census Block;25;017;3682.00;4019;1
Census Block;25;017;3682.00;4020;1,3
Census Block;25;017;3682.00;4021;3
Census Block;25;017;3682.00;4022;3
Census Block;25;017;3682.00;4023;3
Census Block;25;017;3682.00;4024;1,3
Census Block;25;017;3682.00;4025;1,3
Census Block;25;017;3682.00;4026;3
Census Block;25;017;3682.00;4027;1,3
Census Block;25;017;3682.00;4028;1
Census Block;25;017;3682.00;4029;1
Census Block;25;017;3682.00;4030;3
Census Block;25;017;3682.00;4031;1
Census Block;25;017;3682.00;4032;1
Census Block;25;017;3682.00;4033;3
Census Block;25;017;3682.00;4034;3
Census Block;25;017;3682.00;4035;3
Census Block;25;017;3682.00;4036;3
Census Block;25;017;3682.00;4037;3
Census Block;25;017;3682.00;4038;3
Census Block;25;017;3682.00;4039;3
Census Block;25;017;3682.00;4040;3
Census Block;25;017;3682.00;4041;3
Census Block;25;017;3682.00;4042;3
Census Block;25;017;3682.00;4043;3
Census Block;25;017;3682.00;4044;3
Census Block;25;017;3682.00;4045;3
Census Block;25;017;3682.00;4046;3
Census Block;25;017;3682.00;4047;3
Census Block;25;017;3682.00;4048;3
Census Block;25;017;3682.00;4049;3
Census Block;25;017;3682.00;4050;3
Census Block;25;017;3682.00;4051;3
Census Block;25;017;3682.00;4052;3
Census Block;25;017;3682.00;4053;3
Census Block;25;017;3682.00;4054;3
Census Block;25;017;3683.00;1000;2,3,4
Census Block;25;017;3683.00;1001;3,4
Census Block;25;017;3683.00;1002;3,4
Census Block;25;017;3683.00;1003;3,4
Census Block;25;017;3683.00;1004;3,4
Census Block;25;017;3683.00;1005;3,4
Census Block;25;017;3683.00;1006;3,4
Census Block;25;017;3683.00;1007;3,4
Census Block;25;017;3683.00;1008;3
Census Block;25;017;3683.00;1009;3
Census Block;25;017;3683.00;1010;3,4
Census Block;25;017;3683.00;1011;3
Census Block;25;017;3683.00;1012;4
Census Block;25;017;3683.00;1013;4
Census Block;25;017;3683.00;2000;3
Census Block;25;017;3683.00;2001;3
Census Block;25;017;3683.00;2002;3
Census Block;25;017;3683.00;2003;3
Census Block;25;017;3683.00;2004;3
Census Block;25;017;3683.00;2005;3
Census Block;25;017;3683.00;3000;3
Census Block;25;017;3683.00;3001;3
Census Block;25;017;3683.00;3002;3
Census Block;25;017;3683.00;3003;3
Census Block;25;017;3683.00;3004;3
Census Block;25;017;3683.00;3005;3
Census Block;25;017;3683.00;3006;3
Census Block;25;017;3683.00;3007;3
Census Block;25;017;3683.00;3008;3
Census Block;25;017;3683.00;3009;3
Census Block;25;017;3683.00;3010;3
Census Block;25;017;3683.00;3011;3
Census Block;25;017;3683.00;3012;3
Census Block;25;017;3683.00;4000;3
Census Block;25;017;3683.00;4001;3
Census Block;25;017;3683.00;4002;3
Census Block;25;017;3683.00;4003;3
Census Block;25;017;3683.00;4004;3
Census Block;25;017;3683.00;4005;3
Census Block;25;017;3683.00;4006;3
Census Block;25;017;3683.00;4007;3
Census Block;25;017;3683.00;4008;3
Census Block;25;017;3683.00;4009;3
Census Block;25;017;3683.00;4010;3
Census Block;25;017;3683.00;4011;3
Census Block;25;017;3683.00;4012;3
Census Block;25;017;3683.00;4013;3
Census Block;25;017;3683.00;4014;3
Census Block;25;017;3683.00;4015;3
Census Block;25;017;3683.00;4016;3
Census Block;25;017;3683.00;4017;3
Census Block;25;017;3683.00;4018;3
Census Block;25;017;3683.00;4019;3
Census Block;25;017;3683.00;4020;3
Census Block;25;017;3683.00;4021;3
Census Block;25;017;3683.00;4022;3
Census Block;25;017;3683.00;4023;3
Census Block;25;017;3683.00;4024;3
Census Block;25;017;3683.00;4025;3
Census Block;25;017;3683.00;4026;3
Census Block;25;017;3683.00;4027;3
Census Block;25;017;3683.00;4028;3
Census Block;25;017;3683.00;4029;3
Census Block;25;017;3683.00;4030;3
Census Block;25;017;3683.00;5000;3
Census Block;25;017;3683.00;5001;3
Census Block;25;017;3683.00;5002;3
Census Block;25;017;3683.00;5003;3
Census Block;25;017;3683.00;5004;3
Census Block;25;017;3683.00;5005;3
Census Block;25;017;3683.00;5006;3
Census Block;25;017;3683.00;5007;3
Census Block;25;017;3683.00;5008;3
Census Block;25;017;3683.00;5009;3
Census Block;25;017;3683.00;5010;3
Census Block;25;017;3683.00;5011;3
Census Block;25;017;3683.00;5012;3
Census Block;25;017;3684.00;1000;3,4
Census Block;25;017;3684.00;1001;3
Census Block;25;017;3684.00;1002;3,4
Census Block;25;017;3684.00;1003;3
Census Block;25;017;3684.00;1004;3
Census Block;25;017;3684.00;1005;3
Census Block;25;017;3684.00;1006;3
Census Block;25;017;3684.00;1007;3
Census Block;25;017;3684.00;1008;3
Census Block;25;017;3684.00;1009;3
Census Block;25;017;3684.00;1010;3
Census Block;25;017;3684.00;1011;3
Census Block;25;017;3684.00;1012;3
Census Block;25;017;3684.00;1013;3
Census Block;25;017;3684.00;1014;3
Census Block;25;017;3684.00;1015;3
Census Block;25;017;3684.00;1016;3
Census Block;25;017;3684.00;1017;3
Census Block;25;017;3684.00;1018;3
Census Block;25;017;3684.00;1019;3
Census Block;25;017;3684.00;1020;3
Census Block;25;017;3684.00;2000;3
Census Block;25;017;3684.00;2001;3
Census Block;25;017;3684.00;2002;3
Census Block;25;017;3684.00;2003;3
Census Block;25;017;3684.00;2004;3
Census Block;25;017;3684.00;2005;3
Census Block;25;017;3684.00;2006;3
Census Block;25;017;3684.00;2007;3
Census Block;25;017;3684.00;2008;3
Census Block;25;017;3684.00;2009;3
Census Block;25;017;3684.00;2010;3
Census Block;25;017;3684.00;2011;3
Census Block;25;017;3684.00;2012;3
Census Block;25;017;3684.00;2013;3
Census Block;25;017;3684.00;2014;3
Census Block;25;017;3684.00;2015;3
Census Block;25;017;3684.00;2016;3
Census Block;25;017;3684.00;2017;3
Census Block;25;017;3684.00;2018;3
Census Block;25;017;3684.00;2019;3
Census Block;25;017;3684.00;2020;3
Census Block;25;017;3684.00;2021;3
Census Block;25;017;3684.00;2022;3
Census Block;25;017;3684.00;2023;3
Census Block;25;017;3684.00;2024;3
Census Block;25;017;3684.00;2025;3
Census Block;25;017;3684.00;2026;3
Census Block;25;017;3684.00;2027;3
Census Block;25;017;3684.00;2028;3
Census Block;25;017;3684.00;2029;3
Census Block;25;017;3684.00;2030;3
Census Block;25;017;3684.00;2031;3
Census Block;25;017;3684.00;2032;3
Census Block;25;017;3684.00;2033;3
Census Block;25;017;3684.00;2034;3
Census Block;25;017;3684.00;2035;3
Census Block;25;017;3684.00;2036;3
Census Block;25;017;3684.00;2037;3
Census Block;25;017;3684.00;2038;3
Census Block;25;017;3684.00;2039;3
Census Block;25;017;3684.00;2040;3
Census Block;25;017;3684.00;2041;3
Census Block;25;017;3684.00;2042;3
Census Block;25;017;3684.00;2043;3
Census Block;25;017;3684.00;2044;3
Census Block;25;017;3684.00;2045;3
Census Block;25;017;3684.00;2046;3
Census Block;25;017;3684.00;2047;3
Census Block;25;017;3684.00;2048;3
Census Block;25;017;3684.00;2049;3
Census Block;25;017;3684.00;2050;3
Census Block;25;017;3684.00;2051;3
Census Block;25;017;3684.00;2052;3
Census Block;25;017;3684.00;2053;3
Census Block;25;017;3684.00;2054;3
Census Block;25;017;3684.00;2055;3
Census Block;25;017;3684.00;2056;3
Census Block;25;017;3684.00;2057;3
Census Block;25;017;3684.00;2058;3
Census Block;25;017;3684.00;2059;3
Census Block;25;017;3684.00;2060;3
Census Block;25;017;3684.00;2061;3
Census Block;25;017;3684.00;2062;3
Census Block;25;017;3684.00;2063;3
Census Block;25;017;3684.00;2064;3
Census Block;25;017;3684.00;2065;3
Census Block;25;017;3684.00;2066;3
Census Block;25;017;3684.00;2067;3
Census Block;25;017;3684.00;2068;3
Census Block;25;017;3684.00;2069;3
Census Block;25;017;3684.00;2070;3
Census Block;25;017;3684.00;2071;3
Census Block;25;017;3684.00;2072;3
Census Block;25;017;3684.00;2073;3
Census Block;25;017;3684.00;2074;3
Census Block;25;017;3684.00;2075;3
Census Block;25;017;3684.00;2076;3
Census Block;25;017;3684.00;2077;3
Census Block;25;017;3684.00;2078;3
Census Block;25;017;3684.00;2079;3
Census Block;25;017;3684.00;2080;3
Census Block;25;017;3684.00;2081;3
Census Block;25;017;3684.00;3000;3
Census Block;25;017;3684.00;3001;3
Census Block;25;017;3684.00;3002;3
Census Block;25;017;3684.00;3003;3
Census Block;25;017;3684.00;3004;3
Census Block;25;017;3684.00;3005;3
Census Block;25;017;3684.00;3006;3
Census Block;25;017;3684.00;3007;3
Census Block;25;017;3684.00;3008;3
Census Block;25;017;3684.00;3009;3
Census Block;25;017;3684.00;3010;3
Census Block;25;017;3684.00;3011;3
Census Block;25;017;3684.00;3012;3
Census Block;25;017;3684.00;3013;3
Census Block;25;017;3684.00;3014;3
Census Block;25;017;3684.00;3015;3
Census Block;25;017;3684.00;3016;3
Census Block;25;017;3684.00;3017;3
Census Block;25;017;3684.00;3018;3
Census Block;25;017;3684.00;3019;3
Census Block;25;017;3684.00;3020;3
Census Block;25;017;3684.00;3021;3
Census Block;25;017;3684.00;3022;3
Census Block;25;017;3684.00;3023;3
Census Block;25;017;3684.00;3024;3
Census Block;25;017;3684.00;3025;3
Census Block;25;017;3684.00;3026;3
Census Block;25;017;3684.00;3027;3
Census Block;25;017;3684.00;3028;3
Census Block;25;017;3684.00;3029;3
Census Block;25;017;3684.00;3030;3
Census Block;25;017;3684.00;3031;3
Census Block;25;017;3684.00;3032;3
Census Block;25;017;3684.00;3033;3
Census Block;25;017;3684.00;3034;3
Census Block;25;017;3684.00;3035;3
Census Block;25;017;3684.00;3036;3
Census Block;25;017;3684.00;3037;3
Census Block;25;017;3684.00;3038;3
Census Block;25;017;3684.00;3039;3
Census Block;25;017;3684.00;3040;3
Census Block;25;017;3684.00;3041;3
Census Block;25;017;3684.00;3042;3
Census Block;25;017;3684.00;3043;3
Census Block;25;017;3684.00;3044;3
Census Block;25;017;3684.00;3045;3
Census Block;25;017;3684.00;3046;3
Census Block;25;017;3684.00;3047;3
Census Block;25;017;3684.00;4000;3
Census Block;25;017;3684.00;4001;3
Census Block;25;017;3684.00;4002;3
Census Block;25;017;3684.00;4003;3
Census Block;25;017;3684.00;4004;3
Census Block;25;017;3684.00;4005;3
Census Block;25;017;3684.00;4006;3
Census Block;25;017;3684.00;4007;3
Census Block;25;017;3684.00;4008;3
Census Block;25;017;3684.00;4009;3
Census Block;25;017;3684.00;4010;3
Census Block;25;017;3684.00;4011;3
Census Block;25;017;3684.00;4012;3
Census Block;25;017;3684.00;4013;3
Census Block;25;017;3684.00;4014;3
Census Block;25;017;3684.00;4015;3
Census Block;25;017;3684.00;4016;3
Census Block;25;017;3684.00;4017;3
Census Block;25;017;3684.00;4018;3
Census Block;25;017;3684.00;4019;3
Census Block;25;017;3684.00;4020;3
Census Block;25;017;3684.00;4021;3
Census Block;25;017;3684.00;5000;3
Census Block;25;017;3684.00;5001;3
Census Block;25;017;3684.00;5002;3
Census Block;25;017;3684.00;5003;3
Census Block;25;017;3684.00;5004;3
Census Block;25;017;3684.00;5005;3
Census Block;25;017;3684.00;5006;3
Census Block;25;017;3684.00;5007;3
Census Block;25;017;3684.00;5008;3
Census Block;25;017;3684.00;5009;3
Census Block;25;017;3684.00;5010;3
Census Block;25;017;3684.00;5011;3
Census Block;25;017;3685.00;1000;4
Census Block;25;017;3685.00;1001;4
Census Block;25;017;3685.00;1002;4
Census Block;25;017;3685.00;1003;4
Census Block;25;017;3685.00;1004;4
Census Block;25;017;3685.00;1005;4
Census Block;25;017;3685.00;1006;4
Census Block;25;017;3685.00;1007;4
Census Block;25;017;3685.00;1008;4
Census Block;25;017;3685.00;1009;4
Census Block;25;017;3685.00;1010;4
Census Block;25;017;3685.00;2000;4
Census Block;25;017;3685.00;2001;4
Census Block;25;017;3685.00;2002;4
Census Block;25;017;3685.00;2003;3,4
Census Block;25;017;3685.00;2004;3
Census Block;25;017;3685.00;2005;3
Census Block;25;017;3685.00;2006;3,4
Census Block;25;017;3685.00;2007;4
Census Block;25;017;3685.00;2008;4
Census Block;25;017;3685.00;2009;4
Census Block;25;017;3685.00;3000;3,4
Census Block;25;017;3685.00;3001;3,4
Census Block;25;017;3685.00;3002;3,4
Census Block;25;017;3685.00;3003;3,4
Census Block;25;017;3685.00;3004;4
Census Block;25;017;3685.00;3005;4
Census Block;25;017;3685.00;3006;3,4
Census Block;25;017;3685.00;3007;3,4
Census Block;25;017;3685.00;3008;3,4
Census Block;25;017;3685.00;3009;4
Census Block;25;017;3685.00;3010;4
Census Block;25;017;3685.00;3011;4
Census Block;25;017;3686.00;1000;4
Census Block;25;017;3686.00;1001;4
Census Block;25;017;3686.00;1002;4
Census Block;25;017;3686.00;1003;4
Census Block;25;017;3686.00;1004;4
Census Block;25;017;3686.00;1005;4
Census Block;25;017;3686.00;1006;4
Census Block;25;017;3686.00;1007;4
Census Block;25;017;3686.00;1008;4
Census Block;25;017;3686.00;1009;4
Census Block;25;017;3686.00;1010;4
Census Block;25;017;3686.00;1011;4
Census Block;25;017;3686.00;1012;4
Census Block;25;017;3686.00;2000;4
Census Block;25;017;3686.00;2001;4
Census Block;25;017;3686.00;2002;4
Census Block;25;017;3686.00;2003;4
Census Block;25;017;3686.00;2004;4
Census Block;25;017;3686.00;2005;4
Census Block;25;017;3686.00;2006;4
Census Block;25;017;3686.00;2007;4
Census Block;25;017;3686.00;2008;4
Census Block;25;017;3686.00;2009;4
Census Block;25;017;3686.00;2010;4
Census Block;25;017;3686.00;2011;4
Census Block;25;017;3686.00;2012;4
Census Block;25;017;3686.00;2013;4
Census Block;25;017;3686.00;3000;3,4
Census Block;25;017;3686.00;3001;3,4
Census Block;25;017;3686.00;3002;3,4
Census Block;25;017;3686.00;3003;4
Census Block;25;017;3686.00;3004;4
Census Block;25;017;3686.00;3005;4
Census Block;25;017;3686.00;4000;3
Census Block;25;017;3686.00;4001;3
Census Block;25;017;3686.00;4002;3
Census Block;25;017;3686.00;4003;3
Census Block;25;017;3686.00;4004;3
Census Block;25;017;3686.00;4005;3
Census Block;25;017;3686.00;4006;3
Census Block;25;017;3686.00;4007;3
Census Block;25;017;3686.00;4008;3
Census Block;25;017;3686.00;4009;3,4
Census Block;25;017;3686.00;4010;3
Census Block;25;017;3686.00;4011;3
Census Block;25;017;3686.00;4012;3
Census Block;25;017;3686.00;4013;3
Census Block;25;017;3686.00;4014;3
Census Block;25;017;3686.00;4015;3
Census Block;25;017;3686.00;4016;3
Census Block;25;017;3686.00;4017;3
Census Block;25;017;3686.00;4018;3
Census Block;25;017;3686.00;4019;3
Census Block;25;017;3686.00;4020;3
Census Block;25;017;3686.00;4021;3
Census Block;25;017;3686.00;4022;3
Census Block;25;017;3686.00;4023;3
Census Block;25;017;3686.00;4024;3,4
Census Block;25;017;3686.00;4025;3,4
Census Block;25;017;3686.00;5000;4
Census Block;25;017;3686.00;5001;4
Census Block;25;017;3686.00;5002;4
Census Block;25;017;3686.00;5003;4
Census Block;25;017;3686.00;5004;4
Census Block;25;017;3686.00;5005;4
Census Block;25;017;3686.00;5006;4
Census Block;25;017;3686.00;5007;4
Census Block;25;017;3686.00;5008;4
Census Block;25;017;3687.00;1000;4
Census Block;25;017;3687.00;1001;4
Census Block;25;017;3687.00;1002;4
Census Block;25;017;3687.00;1003;4
Census Block;25;017;3687.00;1004;4
Census Block;25;017;3687.00;1005;4
Census Block;25;017;3687.00;1006;4
Census Block;25;017;3687.00;1007;4
Census Block;25;017;3687.00;1008;4
Census Block;25;017;3687.00;1009;4
Census Block;25;017;3687.00;1010;4
Census Block;25;017;3687.00;1011;4
Census Block;25;017;3687.00;1012;4
Census Block;25;017;3687.00;1013;4
Census Block;25;017;3687.00;1014;4
Census Block;25;017;3687.00;1015;4
Census Block;25;017;3687.00;1016;4
Census Block;25;017;3687.00;2000;4
Census Block;25;017;3687.00;2001;4
Census Block;25;017;3687.00;2002;4
Census Block;25;017;3687.00;2003;4
Census Block;25;017;3687.00;2004;4
Census Block;25;017;3687.00;2005;4
Census Block;25;017;3687.00;2006;4
Census Block;25;017;3687.00;2007;4
Census Block;25;017;3687.00;2008;4
Census Block;25;017;3687.00;2009;4
Census Block;25;017;3687.00;2010;4
Census Block;25;017;3687.00;2011;4
Census Block;25;017;3687.00;2012;4
Census Block;25;017;3687.00;2013;4
Census Block;25;017;3687.00;2014;4
Census Block;25;017;3687.00;2015;4
Census Block;25;017;3687.00;2016;4
Census Block;25;017;3687.00;2017;4
Census Block;25;017;3687.00;2018;4
Census Block;25;017;3687.00;2019;4
Census Block;25;017;3687.00;2020;4
Census Block;25;017;3687.00;2021;4
Census Block;25;017;3687.00;2022;4
Census Block;25;017;3687.00;2023;4
Census Block;25;017;3687.00;2024;4
Census Block;25;017;3687.00;2025;4
Census Block;25;017;3687.00;2026;4
Census Block;25;017;3687.00;2027;4
Census Block;25;017;3687.00;2028;4
Census Block;25;017;3687.00;2029;4
Census Block;25;017;3687.00;2030;4
Census Block;25;017;3687.00;2031;4
Census Block;25;017;3687.00;2032;4
Census Block;25;017;3687.00;2033;4
Census Block;25;017;3687.00;2034;4
Census Block;25;017;3687.00;2035;4
Census Block;25;017;3687.00;2036;4
Census Block;25;017;3687.00;2037;4
Census Block;25;017;3687.00;2038;4
Census Block;25;017;3687.00;2039;4
Census Block;25;017;3687.00;2040;4
Census Block;25;017;3687.00;2041;4
Census Block;25;017;3687.00;2042;4
Census Block;25;017;3687.00;2043;4
Census Block;25;017;3687.00;2044;4
Census Block;25;017;3687.00;2045;4
Census Block;25;017;3687.00;2046;4
Census Block;25;017;3687.00;2047;4
Census Block;25;017;3687.00;2048;4
Census Block;25;017;3688.00;1000;4
Census Block;25;017;3688.00;1001;4
Census Block;25;017;3688.00;1002;3,4
Census Block;25;017;3688.00;1003;3
Census Block;25;017;3688.00;1004;3
Census Block;25;017;3688.00;1005;3,4
Census Block;25;017;3688.00;1006;4
Census Block;25;017;3688.00;1007;4
Census Block;25;017;3688.00;1008;3,4
Census Block;25;017;3688.00;1009;4
Census Block;25;017;3688.00;1010;4
Census Block;25;017;3688.00;1011;4
Census Block;25;017;3688.00;1012;4
Census Block;25;017;3688.00;1013;4
Census Block;25;017;3688.00;1014;4
Census Block;25;017;3688.00;1015;3
Census Block;25;017;3688.00;1016;3
Census Block;25;017;3688.00;1017;3
Census Block;25;017;3688.00;2000;4
Census Block;25;017;3688.00;2001;4
Census Block;25;017;3688.00;2002;4
Census Block;25;017;3688.00;2003;4
Census Block;25;017;3688.00;2004;4
Census Block;25;017;3688.00;2005;4
Census Block;25;017;3688.00;2006;4
Census Block;25;017;3688.00;2007;4
Census Block;25;017;3688.00;2008;4
Census Block;25;017;3688.00;2009;4
Census Block;25;017;3688.00;2010;4
Census Block;25;017;3688.00;2011;4
Census Block;25;017;3688.00;2012;4
Census Block;25;017;3688.00;2013;4
Census Block;25;017;3688.00;2014;4
Census Block;25;017;3688.00;2015;4
Census Block;25;017;3688.00;2016;4
Census Block;25;017;3688.00;2017;4
Census Block;25;017;3688.00;2018;4
Census Block;25;017;3688.00;2019;4
Census Block;25;017;3688.00;2020;4
Census Block;25;017;3688.00;2021;4
Census Block;25;017;3688.00;2022;4
Census Block;25;017;3688.00;2023;4
Census Block;25;017;3688.00;2024;4
Census Block;25;017;3688.00;3000;4
Census Block;25;017;3688.00;3001;4
Census Block;25;017;3688.00;3002;4
Census Block;25;017;3688.00;3003;4
Census Block;25;017;3688.00;3004;4
Census Block;25;017;3688.00;3005;4
Census Block;25;017;3688.00;3006;4
Census Block;25;017;3688.00;3007;4
Census Block;25;017;3688.00;3008;4
Census Block;25;017;3688.00;3009;4
Census Block;25;017;3688.00;3010;4
Census Block;25;017;3688.00;3011;4
Census Block;25;017;3688.00;3012;4
Census Block;25;017;3688.00;3013;4
Census Block;25;017;3688.00;3014;4
Census Block;25;017;3688.00;3015;4
Census Block;25;017;3688.00;3016;4
Census Block;25;017;3688.00;3017;4
Census Block;25;017;3688.00;3018;4
Census Block;25;017;3688.00;3019;4
Census Block;25;017;3688.00;3020;4
Census Block;25;017;3688.00;3021;4
Census Block;25;017;3688.00;3022;4
Census Block;25;017;3688.00;3023;4
Census Block;25;017;3688.00;3024;4
Census Block;25;017;3688.00;3025;4
Census Block;25;017;3688.00;3026;4
Census Block;25;017;3688.00;3027;4
Census Block;25;017;3688.00;3028;4
Census Block;25;017;3688.00;3029;4
Census Block;25;017;3688.00;3030;4
Census Block;25;017;3688.00;3031;4
Census Block;25;017;3688.00;3032;4
Census Block;25;017;3688.00;4000;4
Census Block;25;017;3688.00;4001;4
Census Block;25;017;3688.00;4002;4
Census Block;25;017;3688.00;4003;4
Census Block;25;017;3688.00;4004;4
Census Block;25;017;3688.00;4005;4
Census Block;25;017;3688.00;4006;4
Census Block;25;017;3688.00;4007;4
Census Block;25;017;3688.00;4008;4
Census Block;25;017;3688.00;4009;4
Census Block;25;017;3688.00;4010;4
Census Block;25;017;3688.00;4011;4
Census Block;25;017;3688.00;5000;4
Census Block;25;017;3688.00;5001;4
Census Block;25;017;3688.00;5002;4
Census Block;25;017;3688.00;5003;4
Census Block;25;017;3688.00;5004;4
Census Block;25;017;3688.00;5005;4
Census Block;25;017;3688.00;5006;4
Census Block;25;017;3688.00;5007;4
Census Block;25;017;3688.00;5008;4
Census Block;25;017;3688.00;5009;4
Census Block;25;017;3688.00;5010;4
Census Block;25;017;3688.00;5011;4
Census Block;25;017;3688.00;5012;4
Census Block;25;017;3688.00;5013;4
Census Block;25;017;3688.00;5014;4
Census Block;25;017;3688.00;5015;4
Census Block;25;017;3688.00;5016;4
Census Block;25;017;3688.00;5017;4
Census Block;25;017;3689.01;1000;2,4
Census Block;25;017;3689.01;1001;2,4
Census Block;25;017;3689.01;1002;4
Census Block;25;017;3689.01;1003;2
Census Block;25;017;3689.01;1004;2,4
Census Block;25;017;3689.01;1005;2,4
Census Block;25;017;3689.01;1006;2,4
Census Block;25;017;3689.01;1007;2,4
Census Block;25;017;3689.01;1008;2
Census Block;25;017;3689.01;1009;2
Census Block;25;017;3689.01;1010;4
Census Block;25;017;3689.01;1011;4
Census Block;25;017;3689.01;1012;2
Census Block;25;017;3689.01;1013;2
Census Block;25;017;3689.01;1014;4
Census Block;25;017;3689.01;1015;4
Census Block;25;017;3689.01;1016;4
Census Block;25;017;3689.01;1017;4
Census Block;25;017;3689.01;1018;4
Census Block;25;017;3689.01;1019;2
Census Block;25;017;3689.01;1020;2
Census Block;25;017;3689.01;1021;2,4
Census Block;25;017;3689.01;1022;4
Census Block;25;017;3689.01;1023;2
Census Block;25;017;3689.01;2000;2
Census Block;25;017;3689.01;2001;2
Census Block;25;017;3689.01;2002;2
Census Block;25;017;3689.01;2003;2
Census Block;25;017;3689.01;2004;2
Census Block;25;017;3689.01;2005;2
Census Block;25;017;3689.01;2006;2
Census Block;25;017;3689.01;2007;2
Census Block;25;017;3689.01;2008;2
Census Block;25;017;3689.01;2009;2
Census Block;25;017;3689.01;2010;2
Census Block;25;017;3689.01;2011;2
Census Block;25;017;3689.01;2012;2
Census Block;25;017;3689.01;2013;2
Census Block;25;017;3689.01;2014;2
Census Block;25;017;3689.01;2015;2
Census Block;25;017;3689.01;2016;2
Census Block;25;017;3689.01;3000;2
Census Block;25;017;3689.01;3001;2
Census Block;25;017;3689.01;3002;2
Census Block;25;017;3689.01;3003;2
Census Block;25;017;3689.01;3004;2
Census Block;25;017;3689.01;3005;2
Census Block;25;017;3689.01;3006;2
Census Block;25;017;3689.01;3007;2
Census Block;25;017;3689.01;3008;2
Census Block;25;017;3689.01;3009;2
Census Block;25;017;3689.01;3010;2
Census Block;25;017;3689.01;3011;2
Census Block;25;017;3689.01;3012;2
Census Block;25;017;3689.01;3013;2
Census Block;25;017;3689.01;3014;2
Census Block;25;017;3689.01;3015;2
Census Block;25;017;3689.01;3016;2
Census Block;25;017;3689.01;3017;2
Census Block;25;017;3689.01;3018;2
Census Block;25;017;3689.01;3019;2
Census Block;25;017;3689.01;3020;2
Census Block;25;017;3689.01;3021;2
Census Block;25;017;3689.01;3022;2
Census Block;25;017;3689.01;3023;2
Census Block;25;017;3689.01;4000;2
Census Block;25;017;3689.01;4001;2
Census Block;25;017;3689.01;4002;2
Census Block;25;017;3689.01;4003;2
Census Block;25;017;3689.01;4004;2
Census Block;25;017;3689.01;4005;2
Census Block;25;017;3689.01;4006;2
Census Block;25;017;3689.01;4007;2
Census Block;25;017;3689.01;4008;2
Census Block;25;017;3689.01;4009;2
Census Block;25;017;3689.01;4010;2
Census Block;25;017;3689.02;1000;4
Census Block;25;017;3689.02;1001;4
Census Block;25;017;3689.02;1002;4
Census Block;25;017;3689.02;1003;4
Census Block;25;017;3689.02;1004;4
Census Block;25;017;3689.02;1005;4
Census Block;25;017;3689.02;1006;4
Census Block;25;017;3689.02;1007;4
Census Block;25;017;3689.02;1008;4
Census Block;25;017;3689.02;1009;4
Census Block;25;017;3689.02;1010;4
Census Block;25;017;3689.02;1011;4
Census Block;25;017;3689.02;1012;4
Census Block;25;017;3689.02;1013;4
Census Block;25;017;3689.02;1014;4
Census Block;25;017;3689.02;1015;4
Census Block;25;017;3689.02;1016;4
Census Block;25;017;3689.02;1017;4
Census Block;25;017;3689.02;1018;4
Census Block;25;017;3689.02;1019;4
Census Block;25;017;3689.02;1020;4
Census Block;25;017;3689.02;1021;4
Census Block;25;017;3689.02;1022;4
Census Block;25;017;3689.02;1023;4
Census Block;25;017;3689.02;1024;4
Census Block;25;017;3689.02;1025;4
Census Block;25;017;3689.02;1026;4
Census Block;25;017;3689.02;1027;4
Census Block;25;017;3689.02;2000;4
Census Block;25;017;3689.02;2001;4
Census Block;25;017;3689.02;2002;4
Census Block;25;017;3689.02;2003;4
Census Block;25;017;3689.02;2004;4
Census Block;25;017;3689.02;2005;4
Census Block;25;017;3689.02;2006;4
Census Block;25;017;3689.02;2007;4
Census Block;25;017;3689.02;2008;4
Census Block;25;017;3689.02;3000;4
Census Block;25;017;3689.02;3001;4
Census Block;25;017;3689.02;3002;4
Census Block;25;017;3689.02;3003;4
Census Block;25;017;3689.02;3004;4
Census Block;25;017;3689.02;3005;4
Census Block;25;017;3689.02;3006;4
Census Block;25;017;3689.02;3007;4
Census Block;25;017;3689.02;3008;4
Census Block;25;017;3689.02;3009;4
Census Block;25;017;3689.02;3010;4
Census Block;25;017;3689.02;3011;4
Census Block;25;017;3689.02;3012;4
Census Block;25;017;3689.02;3013;4
Census Block;25;017;3689.02;3014;4
Census Block;25;017;3689.02;3015;4
Census Block;25;017;3689.02;3016;4
Census Block;25;017;3690.00;1000;2
Census Block;25;017;3690.00;1001;2
Census Block;25;017;3690.00;1002;2
Census Block;25;017;3690.00;1003;2
Census Block;25;017;3690.00;1004;2
Census Block;25;017;3690.00;1005;2
Census Block;25;017;3690.00;1006;2
Census Block;25;017;3690.00;1007;2
Census Block;25;017;3690.00;1008;2
Census Block;25;017;3690.00;1009;2
Census Block;25;017;3690.00;1010;2
Census Block;25;017;3690.00;1011;2
Census Block;25;017;3690.00;1012;2
Census Block;25;017;3690.00;1013;2
Census Block;25;017;3690.00;1014;2
Census Block;25;017;3690.00;1015;2
Census Block;25;017;3690.00;1016;2
Census Block;25;017;3690.00;1017;2,4
Census Block;25;017;3690.00;1018;2
Census Block;25;017;3690.00;1019;4
Census Block;25;017;3690.00;1020;2
Census Block;25;017;3690.00;1021;2
Census Block;25;017;3690.00;1022;2
Census Block;25;017;3690.00;1023;2,4
Census Block;25;017;3690.00;1024;2,4
Census Block;25;017;3690.00;1025;2
Census Block;25;017;3690.00;1026;2
Census Block;25;017;3690.00;1027;2
Census Block;25;017;3690.00;1028;2
Census Block;25;017;3690.00;1029;2
Census Block;25;017;3690.00;1030;2
Census Block;25;017;3690.00;1031;2
Census Block;25;017;3690.00;1032;2,4
Census Block;25;017;3690.00;1033;2
Census Block;25;017;3690.00;1034;2
Census Block;25;017;3690.00;1035;2
Census Block;25;017;3690.00;1036;4
Census Block;25;017;3690.00;1037;2
Census Block;25;017;3690.00;1038;2
Census Block;25;017;3690.00;1039;2
Census Block;25;017;3690.00;1040;2
Census Block;25;017;3690.00;1041;2
Census Block;25;017;3690.00;1042;2
Census Block;25;017;3690.00;1043;4
Census Block;25;017;3690.00;1044;4
Census Block;25;017;3690.00;1045;4
Census Block;25;017;3690.00;1046;2
Census Block;25;017;3690.00;1047;2
Census Block;25;017;3691.00;1000;4
Census Block;25;017;3691.00;1001;4
Census Block;25;017;3691.00;1002;4
Census Block;25;017;3691.00;1003;4
Census Block;25;017;3691.00;1004;4
Census Block;25;017;3691.00;1005;4
Census Block;25;017;3691.00;1006;4
Census Block;25;017;3691.00;1007;4
Census Block;25;017;3691.00;1008;4
Census Block;25;017;3691.00;1009;4
Census Block;25;017;3691.00;1010;4
Census Block;25;017;3691.00;1011;4
Census Block;25;017;3691.00;1012;4
Census Block;25;017;3691.00;1013;4
Census Block;25;017;3691.00;1014;4
Census Block;25;017;3691.00;1015;4
Census Block;25;017;3691.00;1016;4
Census Block;25;017;3691.00;1017;4
Census Block;25;017;3691.00;2000;4
Census Block;25;017;3691.00;2001;4
Census Block;25;017;3691.00;2002;4
Census Block;25;017;3691.00;2003;4
Census Block;25;017;3691.00;2004;4
Census Block;25;017;3691.00;2005;4
Census Block;25;017;3691.00;2006;4
Census Block;25;017;3691.00;2007;4
Census Block;25;017;3691.00;2008;4
Census Block;25;017;3691.00;2009;4
Census Block;25;017;3691.00;2010;4
Census Block;25;017;3691.00;2011;4
Census Block;25;017;3691.00;2012;4
Census Block;25;017;3691.00;2013;4
Census Block;25;017;3691.00;2014;4
Census Block;25;017;3691.00;2015;4
Census Block;25;017;3691.00;2016;4
Census Block;25;017;3691.00;2017;4
Census Block;25;017;3691.00;2018;4
Census Block;25;017;3691.00;3000;4
Census Block;25;017;3691.00;3001;4
Census Block;25;017;3691.00;3002;4
Census Block;25;017;3691.00;3003;4
Census Block;25;017;3691.00;3004;4
Census Block;25;017;3691.00;3005;4
Census Block;25;017;3691.00;3006;4
Census Block;25;017;3691.00;3007;4
Census Block;25;017;3691.00;3008;4
Census Block;25;017;3691.00;3009;4
Census Block;25;017;3691.00;3010;4
Census Block;25;017;3691.00;4000;2
Census Block;25;017;3691.00;4001;2
Census Block;25;017;3691.00;4002;2
Census Block;25;017;3691.00;4003;2
Census Block;25;017;3691.00;4004;2
Census Block;25;017;3691.00;4005;2
Census Block;25;017;3691.00;4006;2
Census Block;25;017;3691.00;4007;2
Census Block;25;017;3691.00;4008;2
Census Block;25;017;3691.00;4009;2
Census Block;25;017;3691.00;4010;2
Census Block;25;017;3691.00;4011;2
Census Block;25;017;3691.00;4012;2
Census Block;25;017;3691.00;4013;2
Census Block;25;017;3691.00;4014;2
Census Block;25;017;3691.00;4015;2
Census Block;25;017;3691.00;4016;2
Census Block;25;017;3691.00;4017;2
Census Block;25;017;3691.00;4018;2
Census Block;25;017;3691.00;4019;2
Census Block;25;017;3691.00;4020;2,4
Census Block;25;017;3691.00;4021;2
Census Block;25;017;3691.00;4022;2
Census Block;25;017;3691.00;4023;2,4
Census Block;25;017;3691.00;4024;2,4
Census Block;25;017;3691.00;4025;2,4
Census Block;25;017;3691.00;4026;4
Census Block;25;017;3691.00;4027;4
Census Block;25;017;3691.00;4028;4
Census Block;25;017;3691.00;4029;4
Census Block;25;017;3691.00;4030;4
Census Block;25;017;3691.00;4031;2
Census Block;25;017;3691.00;4032;2
Census Block;25;017;3691.00;4033;2
Census Block;25;017;3691.00;4034;2,4
Census Block;25;017;3691.00;4035;2,4
Census Block;25;017;3691.00;4036;4
Census Block;25;017;3691.00;4037;4
Census Block;25;017;3691.00;4038;4
Census Block;25;017;3691.00;4039;4
Census Block;25;017;3691.00;5000;4
Census Block;25;017;3691.00;5001;4
Census Block;25;017;3691.00;5002;4
Census Block;25;017;3691.00;5003;4
Census Block;25;017;3691.00;5004;4
Census Block;25;017;3691.00;5005;4
Census Block;25;017;3691.00;5006;4
Census Block;25;017;3691.00;5007;4
Census Block;25;017;3691.00;5008;4
Census Block;25;017;3691.00;5009;4
Census Block;25;017;3691.00;5010;4
Census Block;25;017;3691.00;5011;4
Census Block;25;017;3691.00;5012;4
Census Block;25;017;3691.00;5013;4
Census Block;25;017;3691.00;5014;4
Census Block;25;017;3691.00;5015;4
Census Block;25;017;3691.00;5016;4
Census Block;25;017;3691.00;5017;4
Census Block;25;017;3691.00;5018;4
Census Block;25;017;3691.00;5019;4
Census Block;25;017;3691.00;5020;4
Census Block;25;017;3691.00;5021;4
Census Block;25;017;3691.00;5022;4
Census Block;25;017;3691.00;5023;4
Census Block;25;017;3691.00;5024;4
Census Block;25;017;3691.00;5025;4
Census Block;25;017;3691.00;5026;4
