TYPE;STATE;COUNTY;TRACT;BLOCK;SHEETS
Census Block;25;005;6401.00;1000;5
Census Block;25;005;6401.00;1001;5,9
Census Block;25;005;6401.00;1002;5,9
Census Block;25;005;6401.00;1003;8,9
Census Block;25;005;6401.00;1004;9
Census Block;25;005;6401.00;1005;8,9
Census Block;25;005;6401.00;1006;8,9
Census Block;25;005;6401.00;1007;9
Census Block;25;005;6401.00;1008;9
Census Block;25;005;6401.00;1009;9
Census Block;25;005;6401.00;1010;8,9
Census Block;25;005;6401.00;1011;9
Census Block;25;005;6401.00;2000;9
Census Block;25;005;6401.00;2001;9
Census Block;25;005;6401.00;2002;9
Census Block;25;005;6401.00;2003;9
Census Block;25;005;6401.00;2004;8,9
Census Block;25;005;6401.00;2005;9
Census Block;25;005;6401.00;2006;8,9
Census Block;25;005;6401.00;2007;8
Census Block;25;005;6401.00;2008;8
Census Block;25;005;6401.00;2009;8
Census Block;25;005;6401.00;2010;8
Census Block;25;005;6401.00;2011;8
Census Block;25;005;6401.00;2012;8
Census Block;25;005;6401.00;2013;8
Census Block;25;005;6401.00;2014;8
Census Block;25;005;6401.00;2015;8,9
Census Block;25;005;6401.00;2016;9
Census Block;25;005;6401.00;3000;9
Census Block;25;005;6401.00;3001;8,9
Census Block;25;005;6401.00;3002;8
Census Block;25;005;6401.00;3003;8
Census Block;25;005;6401.00;3004;8
Census Block;25;005;6401.00;3005;8,9
Census Block;25;005;6401.00;3006;8,9
Census Block;25;005;6401.00;3007;8,9
Census Block;25;005;6401.00;3008;9
Census Block;25;005;6401.00;3009;9
Census Block;25;005;6401.00;3010;9
Census Block;25;005;6401.00;3011;9
Census Block;25;005;6401.00;3012;8,9
Census Block;25;005;6401.00;3013;9
Census Block;25;005;6401.00;3014;9
Census Block;25;005;6401.00;4000;9
Census Block;25;005;6401.00;4001;9
Census Block;25;005;6401.00;4002;9
Census Block;25;005;6401.00;4003;9
Census Block;25;005;6401.00;4004;9
Census Block;25;005;6401.00;4005;9
Census Block;25;005;6401.00;4006;9
Census Block;25;005;6401.00;4007;9
Census Block;25;005;6401.00;4008;9
Census Block;25;005;6401.00;4009;9
Census Block;25;005;6401.00;4010;9
Census Block;25;005;6401.00;4011;9
Census Block;25;005;6401.00;4012;9
Census Block;25;005;6401.00;4013;9
Census Block;25;005;6401.00;4014;9
Census Block;25;005;6401.00;4015;8,9
Census Block;25;005;6401.00;4016;8
Census Block;25;005;6401.00;4017;8
Census Block;25;005;6401.00;4018;8
Census Block;25;005;6401.00;4019;8,9
Census Block;25;005;6401.00;4020;8,9
Census Block;25;005;6401.00;4021;9
Census Block;25;005;6401.00;4022;9
Census Block;25;005;6401.00;4023;9
Census Block;25;005;6401.00;4024;9
Census Block;25;005;6401.00;4025;9
Census Block;25;005;6401.00;4026;8,9
Census Block;25;005;6401.00;4027;8
Census Block;25;005;6401.00;4028;8
Census Block;25;005;6401.00;4029;8,9
Census Block;25;005;6401.00;4030;8,9
Census Block;25;005;6401.00;4031;8
Census Block;25;005;6401.00;4032;9
Census Block;25;005;6401.00;4033;9
Census Block;25;005;6401.00;4034;8
Census Block;25;005;6401.00;5000;9
Census Block;25;005;6401.00;5001;9
Census Block;25;005;6401.00;5002;9
Census Block;25;005;6401.00;5003;9
Census Block;25;005;6401.00;5004;9
Census Block;25;005;6401.00;5005;9
Census Block;25;005;6401.00;5006;9
Census Block;25;005;6401.00;5007;9
Census Block;25;005;6401.00;5008;9
Census Block;25;005;6401.00;5009;9
Census Block;25;005;6401.00;5010;9
Census Block;25;005;6401.00;5011;9
Census Block;25;005;6401.00;5012;9
Census Block;25;005;6401.00;5013;9
Census Block;25;005;6401.00;5014;9
Census Block;25;005;6401.00;5015;9
Census Block;25;005;6401.00;5016;9
Census Block;25;005;6401.00;5017;9
Census Block;25;005;6401.00;5018;9
Census Block;25;005;6401.00;5019;9
Census Block;25;005;6401.00;5020;9
Census Block;25;005;6401.00;5021;9
Census Block;25;005;6401.00;5022;9
Census Block;25;005;6401.00;5023;9
Census Block;25;005;6401.00;5024;9
Census Block;25;005;6401.00;5025;9
Census Block;25;005;6401.00;5026;9
Census Block;25;005;6401.00;5027;9
Census Block;25;005;6401.00;5028;9
Census Block;25;005;6401.00;5029;9
Census Block;25;005;6401.00;5030;9
Census Block;25;005;6401.00;5031;9
Census Block;25;005;6401.00;5032;9
Census Block;25;005;6401.00;5033;9
Census Block;25;005;6401.00;5034;9
Census Block;25;005;6401.00;5035;9
Census Block;25;005;6401.00;5036;9
Census Block;25;005;6401.00;5037;9
Census Block;25;005;6401.00;5038;9
Census Block;25;005;6401.00;5039;9,10
Census Block;25;005;6401.00;5040;9,10
Census Block;25;005;6401.00;5041;10
Census Block;25;005;6401.00;5042;10
Census Block;25;005;6401.00;5043;10
Census Block;25;005;6401.00;5044;10
Census Block;25;005;6401.00;5045;10
Census Block;25;005;6401.00;5046;10
Census Block;25;005;6401.00;5047;10
Census Block;25;005;6401.00;5048;10
Census Block;25;005;6401.00;5049;10
Census Block;25;005;6401.00;5050;10
Census Block;25;005;6401.00;5051;10
Census Block;25;005;6401.00;5052;10
Census Block;25;005;6401.00;5053;10
Census Block;25;005;6401.00;5054;9
Census Block;25;005;6401.00;5055;9
Census Block;25;005;6401.00;5056;10
Census Block;25;005;6401.00;5057;10
Census Block;25;005;6401.00;5058;10
Census Block;25;005;6401.00;5059;10
Census Block;25;005;6401.00;5060;9
Census Block;25;005;6402.00;1000;5
Census Block;25;005;6402.00;1001;4,5
Census Block;25;005;6402.00;1002;4,5
Census Block;25;005;6402.00;1003;4
Census Block;25;005;6402.00;1004;4
Census Block;25;005;6402.00;1005;4
Census Block;25;005;6402.00;1006;4,5
Census Block;25;005;6402.00;1007;5
Census Block;25;005;6402.00;1008;5
Census Block;25;005;6402.00;1009;5
Census Block;25;005;6402.00;1010;5,8,9
Census Block;25;005;6402.00;1011;4,5
Census Block;25;005;6402.00;1012;4,8
Census Block;25;005;6402.00;1013;4,8
Census Block;25;005;6402.00;1014;4,5,8,9
Census Block;25;005;6402.00;1015;8,9
Census Block;25;005;6402.00;1016;8
Census Block;25;005;6402.00;2000;8
Census Block;25;005;6402.00;2001;8
Census Block;25;005;6402.00;2002;8
Census Block;25;005;6402.00;2003;8
Census Block;25;005;6402.00;2004;8
Census Block;25;005;6402.00;2005;8
Census Block;25;005;6402.00;2006;8
Census Block;25;005;6402.00;2007;8
Census Block;25;005;6402.00;2008;8
Census Block;25;005;6402.00;2009;8
Census Block;25;005;6402.00;2010;8
Census Block;25;005;6402.00;2011;8
Census Block;25;005;6402.00;2012;8
Census Block;25;005;6402.00;2013;8
Census Block;25;005;6402.00;2014;8
Census Block;25;005;6402.00;3000;8
Census Block;25;005;6402.00;3001;4,8
Census Block;25;005;6402.00;3002;8
Census Block;25;005;6402.00;3003;8
Census Block;25;005;6402.00;3004;8
Census Block;25;005;6402.00;3005;8
Census Block;25;005;6402.00;3006;4,8
Census Block;25;005;6402.00;3007;8
Census Block;25;005;6402.00;3008;8
Census Block;25;005;6402.00;3009;8
Census Block;25;005;6402.00;3010;8
Census Block;25;005;6402.00;3011;8
Census Block;25;005;6402.00;3012;8
Census Block;25;005;6402.00;4000;8
Census Block;25;005;6402.00;4001;8
Census Block;25;005;6402.00;4002;8
Census Block;25;005;6402.00;4003;8
Census Block;25;005;6402.00;4004;8
Census Block;25;005;6402.00;4005;8
Census Block;25;005;6402.00;4006;8
Census Block;25;005;6402.00;4007;8
Census Block;25;005;6402.00;4008;8
Census Block;25;005;6402.00;4009;8
Census Block;25;005;6402.00;4010;8
Census Block;25;005;6402.00;4011;8
Census Block;25;005;6402.00;4012;8
Census Block;25;005;6402.00;4013;8
Census Block;25;005;6402.00;4014;8
Census Block;25;005;6402.00;4015;8
Census Block;25;005;6402.00;4016;8
Census Block;25;005;6402.00;4017;8
Census Block;25;005;6402.00;4018;8
Census Block;25;005;6402.00;4019;8
Census Block;25;005;6402.00;4020;8
Census Block;25;005;6402.00;4021;8
Census Block;25;005;6402.00;4022;8
Census Block;25;005;6402.00;4023;8
Census Block;25;005;6402.00;4024;8
Census Block;25;005;6402.00;4025;8
Census Block;25;005;6402.00;4026;8
Census Block;25;005;6402.00;4027;8
Census Block;25;005;6402.00;4028;8
Census Block;25;005;6402.00;4029;8
Census Block;25;005;6402.00;4030;8
Census Block;25;005;6402.00;4031;8
Census Block;25;005;6402.00;4032;8
Census Block;25;005;6402.00;5000;4
Census Block;25;005;6402.00;5001;4
Census Block;25;005;6402.00;5002;4
Census Block;25;005;6402.00;5003;4
Census Block;25;005;6402.00;5004;4
Census Block;25;005;6402.00;5005;4
Census Block;25;005;6402.00;5006;4
Census Block;25;005;6402.00;5007;4
Census Block;25;005;6402.00;5008;4,8
Census Block;25;005;6402.00;5009;4
Census Block;25;005;6402.00;5010;4,8
Census Block;25;005;6402.00;5011;4,8
Census Block;25;005;6402.00;5012;4,8
Census Block;25;005;6402.00;5013;4,8
Census Block;25;005;6402.00;5014;4,8
Census Block;25;005;6403.00;1000;8
Census Block;25;005;6403.00;1001;8
Census Block;25;005;6403.00;1002;8
Census Block;25;005;6403.00;1003;8
Census Block;25;005;6403.00;1004;8
Census Block;25;005;6403.00;1005;8
Census Block;25;005;6403.00;1006;8
Census Block;25;005;6403.00;1007;8
Census Block;25;005;6403.00;1008;8
Census Block;25;005;6403.00;1009;8
Census Block;25;005;6403.00;1010;8
Census Block;25;005;6403.00;1011;8
Census Block;25;005;6403.00;1012;8
Census Block;25;005;6403.00;1013;8
Census Block;25;005;6403.00;1014;8
Census Block;25;005;6403.00;1015;8
Census Block;25;005;6403.00;1016;8
Census Block;25;005;6403.00;1017;8
Census Block;25;005;6403.00;1018;8
Census Block;25;005;6403.00;1019;8
Census Block;25;005;6403.00;1020;8
Census Block;25;005;6403.00;2000;8
Census Block;25;005;6403.00;2001;8
Census Block;25;005;6403.00;2002;8
Census Block;25;005;6403.00;2003;8
Census Block;25;005;6403.00;2004;8
Census Block;25;005;6403.00;2005;8
Census Block;25;005;6403.00;2006;8
Census Block;25;005;6403.00;2007;8
Census Block;25;005;6403.00;2008;8
Census Block;25;005;6403.00;2009;8
Census Block;25;005;6403.00;2010;8
Census Block;25;005;6403.00;2011;8
Census Block;25;005;6403.00;2012;8
Census Block;25;005;6403.00;2013;8
Census Block;25;005;6403.00;2014;8
Census Block;25;005;6403.00;2015;8
Census Block;25;005;6403.00;3000;4,8
Census Block;25;005;6403.00;3001;8
Census Block;25;005;6403.00;3002;8
Census Block;25;005;6403.00;3003;8
Census Block;25;005;6403.00;3004;8
Census Block;25;005;6403.00;3005;8
Census Block;25;005;6403.00;3006;8
Census Block;25;005;6403.00;3007;8
Census Block;25;005;6403.00;3008;8
Census Block;25;005;6403.00;3009;8
Census Block;25;005;6403.00;3010;8
Census Block;25;005;6403.00;3011;8
Census Block;25;005;6403.00;3012;8
Census Block;25;005;6403.00;3013;8
Census Block;25;005;6403.00;3014;8
Census Block;25;005;6403.00;3015;8
Census Block;25;005;6403.00;3016;8
Census Block;25;005;6403.00;3017;8
Census Block;25;005;6403.00;3018;8
Census Block;25;005;6403.00;3019;8
Census Block;25;005;6404.00;1000;4
Census Block;25;005;6404.00;1001;4
Census Block;25;005;6404.00;1002;4
Census Block;25;005;6404.00;1003;4
Census Block;25;005;6404.00;1004;4
Census Block;25;005;6404.00;1005;4
Census Block;25;005;6404.00;1006;4
Census Block;25;005;6404.00;1007;4
Census Block;25;005;6404.00;1008;4
Census Block;25;005;6404.00;2000;4,8
Census Block;25;005;6404.00;2001;4,8
Census Block;25;005;6404.00;2002;4,8
Census Block;25;005;6404.00;2003;4,8
Census Block;25;005;6404.00;2004;4,8
Census Block;25;005;6404.00;2005;8
Census Block;25;005;6404.00;2006;8
Census Block;25;005;6404.00;2007;8
Census Block;25;005;6404.00;2008;8
Census Block;25;005;6404.00;2009;8
Census Block;25;005;6404.00;2010;8
Census Block;25;005;6404.00;3000;4
Census Block;25;005;6404.00;3001;4
Census Block;25;005;6404.00;3002;4
Census Block;25;005;6404.00;3003;4
Census Block;25;005;6404.00;3004;4,8
Census Block;25;005;6404.00;3005;4,8
Census Block;25;005;6404.00;3006;4,8
Census Block;25;005;6404.00;3007;4,8
Census Block;25;005;6404.00;3008;4
Census Block;25;005;6404.00;3009;4
Census Block;25;005;6404.00;3010;4
Census Block;25;005;6404.00;3011;4
Census Block;25;005;6404.00;3012;4,8
Census Block;25;005;6404.00;3013;4,8
Census Block;25;005;6404.00;3014;4,8
Census Block;25;005;6404.00;3015;4,8
Census Block;25;005;6404.00;3016;8
Census Block;25;005;6404.00;3017;8
Census Block;25;005;6404.00;3018;8
Census Block;25;005;6404.00;3019;8
Census Block;25;005;6404.00;3020;8
Census Block;25;005;6404.00;3021;8
Census Block;25;005;6405.00;1000;5
Census Block;25;005;6405.00;1001;5
Census Block;25;005;6405.00;1002;5
Census Block;25;005;6405.00;1003;5
Census Block;25;005;6405.00;1004;5
Census Block;25;005;6405.00;1005;5
Census Block;25;005;6405.00;1006;5
Census Block;25;005;6405.00;1007;5
Census Block;25;005;6405.00;1008;5
Census Block;25;005;6405.00;1009;5
Census Block;25;005;6405.00;2000;5
Census Block;25;005;6405.00;2001;4,5
Census Block;25;005;6405.00;2002;4
Census Block;25;005;6405.00;2003;4
Census Block;25;005;6405.00;2004;4
Census Block;25;005;6405.00;2005;4,5
Census Block;25;005;6405.00;2006;4,5
Census Block;25;005;6405.00;2007;4,5
Census Block;25;005;6405.00;3000;4
Census Block;25;005;6405.00;3001;4
Census Block;25;005;6405.00;3002;4
Census Block;25;005;6405.00;3003;4
Census Block;25;005;6405.00;3004;4
Census Block;25;005;6405.00;3005;4
Census Block;25;005;6405.00;3006;4
Census Block;25;005;6405.00;3007;4
Census Block;25;005;6405.00;3008;4
Census Block;25;005;6405.00;3009;4
Census Block;25;005;6405.00;3010;4
Census Block;25;005;6405.00;3011;4
Census Block;25;005;6405.00;4000;4
Census Block;25;005;6405.00;4001;4
Census Block;25;005;6405.00;4002;4
Census Block;25;005;6405.00;4003;4
Census Block;25;005;6405.00;4004;4
Census Block;25;005;6405.00;4005;4
Census Block;25;005;6405.00;4006;4
Census Block;25;005;6405.00;4007;4
Census Block;25;005;6405.00;4008;4
Census Block;25;005;6405.00;4009;4
Census Block;25;005;6405.00;4010;4
Census Block;25;005;6405.00;4011;4
Census Block;25;005;6405.00;4012;4
Census Block;25;005;6405.00;4013;4
Census Block;25;005;6405.00;4014;4
Census Block;25;005;6405.00;4015;4
Census Block;25;005;6405.00;4016;4
Census Block;25;005;6405.00;4017;4
Census Block;25;005;6405.00;4018;4
Census Block;25;005;6405.00;4019;4
Census Block;25;005;6405.00;4020;4
Census Block;25;005;6405.00;4021;4
Census Block;25;005;6405.00;5000;4
Census Block;25;005;6405.00;5001;4
Census Block;25;005;6405.00;5002;4
Census Block;25;005;6405.00;5003;4
Census Block;25;005;6405.00;5004;4
Census Block;25;005;6405.00;5005;4
Census Block;25;005;6405.00;5006;4
Census Block;25;005;6405.00;5007;4
Census Block;25;005;6405.00;5008;4
Census Block;25;005;6405.00;5009;4
Census Block;25;005;6405.00;5010;4
Census Block;25;005;6405.00;5011;4
Census Block;25;005;6405.00;5012;4
Census Block;25;005;6406.00;1000;5
Census Block;25;005;6406.00;1001;5
Census Block;25;005;6406.00;1002;5
Census Block;25;005;6406.00;1003;5
Census Block;25;005;6406.00;1004;5
Census Block;25;005;6406.00;1005;5
Census Block;25;005;6406.00;1006;5
Census Block;25;005;6406.00;1007;5
Census Block;25;005;6406.00;1008;5
Census Block;25;005;6406.00;1009;5
Census Block;25;005;6406.00;1010;5
Census Block;25;005;6406.00;2000;5
Census Block;25;005;6406.00;2001;5
Census Block;25;005;6406.00;2002;5
Census Block;25;005;6406.00;2003;5
Census Block;25;005;6406.00;2004;5
Census Block;25;005;6406.00;2005;5
Census Block;25;005;6406.00;2006;5
Census Block;25;005;6406.00;2007;5,9
Census Block;25;005;6406.00;2008;5,9
Census Block;25;005;6406.00;2009;5,9
Census Block;25;005;6406.00;2010;5,9
Census Block;25;005;6406.00;2011;9
Census Block;25;005;6406.00;2012;9
Census Block;25;005;6406.00;2013;9
Census Block;25;005;6406.00;2014;5,9
Census Block;25;005;6406.00;2015;5,9
Census Block;25;005;6406.00;2016;9
Census Block;25;005;6406.00;2017;9
Census Block;25;005;6406.00;2018;9
Census Block;25;005;6406.00;2019;5,9
Census Block;25;005;6406.00;2020;5,9
Census Block;25;005;6406.00;2021;9
Census Block;25;005;6406.00;2022;9
Census Block;25;005;6406.00;2023;9
Census Block;25;005;6406.00;2024;9
Census Block;25;005;6406.00;3000;5
Census Block;25;005;6406.00;3001;5
Census Block;25;005;6406.00;3002;5
Census Block;25;005;6406.00;3003;5
Census Block;25;005;6406.00;3004;5
Census Block;25;005;6406.00;3005;5
Census Block;25;005;6406.00;3006;5
Census Block;25;005;6406.00;3007;5
Census Block;25;005;6406.00;3008;5
Census Block;25;005;6406.00;3009;5
Census Block;25;005;6406.00;3010;5
Census Block;25;005;6406.00;3011;5
Census Block;25;005;6406.00;3012;5
Census Block;25;005;6406.00;3013;5
Census Block;25;005;6406.00;4000;5
Census Block;25;005;6406.00;4001;5
Census Block;25;005;6406.00;4002;5
Census Block;25;005;6406.00;4003;5
Census Block;25;005;6406.00;4004;5
Census Block;25;005;6406.00;4005;5
Census Block;25;005;6406.00;4006;5
Census Block;25;005;6406.00;4007;5
Census Block;25;005;6406.00;4008;5
Census Block;25;005;6406.00;4009;5
Census Block;25;005;6406.00;4010;5,9
Census Block;25;005;6406.00;4011;5
Census Block;25;005;6407.00;1000;9
Census Block;25;005;6407.00;1001;9
Census Block;25;005;6407.00;1002;9
Census Block;25;005;6407.00;1003;9
Census Block;25;005;6407.00;1004;9
Census Block;25;005;6407.00;1005;9
Census Block;25;005;6407.00;1006;9
Census Block;25;005;6407.00;1007;9
Census Block;25;005;6407.00;1008;9
Census Block;25;005;6407.00;1009;9
Census Block;25;005;6407.00;1010;9
Census Block;25;005;6407.00;1011;9
Census Block;25;005;6407.00;1012;9
Census Block;25;005;6407.00;1013;9
Census Block;25;005;6407.00;1014;9
Census Block;25;005;6407.00;1015;9
Census Block;25;005;6407.00;1016;9
Census Block;25;005;6407.00;1017;9
Census Block;25;005;6407.00;1018;9
Census Block;25;005;6407.00;2000;9
Census Block;25;005;6407.00;2001;9
Census Block;25;005;6407.00;2002;9
Census Block;25;005;6407.00;2003;9
Census Block;25;005;6407.00;2004;9
Census Block;25;005;6407.00;2005;9
Census Block;25;005;6407.00;2006;9
Census Block;25;005;6407.00;2007;9
Census Block;25;005;6407.00;2008;9
Census Block;25;005;6407.00;2009;9
Census Block;25;005;6407.00;2010;9
Census Block;25;005;6407.00;2011;9
Census Block;25;005;6407.00;3000;9
Census Block;25;005;6407.00;3001;9
Census Block;25;005;6407.00;3002;9
Census Block;25;005;6407.00;3003;9
Census Block;25;005;6407.00;3004;9
Census Block;25;005;6407.00;3005;9
Census Block;25;005;6407.00;3006;9
Census Block;25;005;6407.00;3007;9
Census Block;25;005;6407.00;3008;9
Census Block;25;005;6407.00;3009;9
Census Block;25;005;6407.00;3010;9
Census Block;25;005;6407.00;3011;9
Census Block;25;005;6407.00;3012;9
Census Block;25;005;6408.00;1000;5
Census Block;25;005;6408.00;1001;5
Census Block;25;005;6408.00;1002;5
Census Block;25;005;6408.00;1003;5
Census Block;25;005;6408.00;1004;5
Census Block;25;005;6408.00;1005;5
Census Block;25;005;6408.00;1006;5
Census Block;25;005;6408.00;1007;5
Census Block;25;005;6408.00;1008;5
Census Block;25;005;6408.00;1009;5
Census Block;25;005;6408.00;1010;5
Census Block;25;005;6408.00;1011;5
Census Block;25;005;6408.00;1012;5
Census Block;25;005;6408.00;1013;5
Census Block;25;005;6408.00;1014;5
Census Block;25;005;6408.00;2000;5
Census Block;25;005;6408.00;2001;5
Census Block;25;005;6408.00;2002;5
Census Block;25;005;6408.00;2003;5
Census Block;25;005;6408.00;2004;5
Census Block;25;005;6408.00;2005;5
Census Block;25;005;6408.00;2006;5
Census Block;25;005;6408.00;2007;5
Census Block;25;005;6408.00;2008;5
Census Block;25;005;6408.00;2009;5,9
Census Block;25;005;6408.00;2010;9
Census Block;25;005;6408.00;2011;5,9
Census Block;25;005;6408.00;2012;5,9
Census Block;25;005;6408.00;2013;5,9
Census Block;25;005;6408.00;2014;5,9
Census Block;25;005;6408.00;2015;5,9
Census Block;25;005;6408.00;2016;5,9
Census Block;25;005;6408.00;2017;5,9
Census Block;25;005;6408.00;2018;5,9
Census Block;25;005;6408.00;2019;5,9
Census Block;25;005;6408.00;2020;9
Census Block;25;005;6408.00;2021;9
Census Block;25;005;6408.00;2022;9
Census Block;25;005;6408.00;2023;9
Census Block;25;005;6408.00;2024;9
Census Block;25;005;6408.00;2025;9
Census Block;25;005;6408.00;2026;9
Census Block;25;005;6408.00;2027;9
Census Block;25;005;6408.00;2028;9
Census Block;25;005;6408.00;2029;9
Census Block;25;005;6408.00;2030;9
Census Block;25;005;6408.00;2031;9
Census Block;25;005;6408.00;2032;9
Census Block;25;005;6408.00;2033;9
Census Block;25;005;6408.00;2034;9
Census Block;25;005;6408.00;2035;9
Census Block;25;005;6408.00;2036;9
Census Block;25;005;6408.00;2037;9
Census Block;25;005;6408.00;2038;9
Census Block;25;005;6408.00;2039;9
Census Block;25;005;6408.00;2040;9
Census Block;25;005;6408.00;2041;9
Census Block;25;005;6408.00;2042;9
Census Block;25;005;6408.00;3000;9
Census Block;25;005;6408.00;3001;9
Census Block;25;005;6408.00;3002;9
Census Block;25;005;6408.00;3003;9
Census Block;25;005;6408.00;3004;9
Census Block;25;005;6408.00;3005;9
Census Block;25;005;6408.00;3006;9
Census Block;25;005;6408.00;3007;9
Census Block;25;005;6408.00;3008;9
Census Block;25;005;6408.00;3009;9
Census Block;25;005;6408.00;3010;9
Census Block;25;005;6408.00;3011;9
Census Block;25;005;6408.00;3012;9
Census Block;25;005;6408.00;3013;9
Census Block;25;005;6408.00;3014;9
Census Block;25;005;6408.00;3015;9
Census Block;25;005;6408.00;3016;9
Census Block;25;005;6408.00;3017;9
Census Block;25;005;6408.00;3018;9
Census Block;25;005;6408.00;3019;9
Census Block;25;005;6408.00;3020;9
Census Block;25;005;6408.00;3021;9
Census Block;25;005;6408.00;3022;9
Census Block;25;005;6408.00;3023;9
Census Block;25;005;6408.00;3024;9
Census Block;25;005;6408.00;3025;9
Census Block;25;005;6408.00;3026;9
Census Block;25;005;6408.00;3027;9
Census Block;25;005;6408.00;3028;9
Census Block;25;005;6408.00;3029;9
Census Block;25;005;6408.00;3030;9
Census Block;25;005;6408.00;3031;9
Census Block;25;005;6408.00;3032;9
Census Block;25;005;6408.00;3033;9
Census Block;25;005;6408.00;3034;9
Census Block;25;005;6408.00;3035;9
Census Block;25;005;6408.00;3036;9
Census Block;25;005;6408.00;3037;9
Census Block;25;005;6408.00;3038;9
Census Block;25;005;6408.00;3039;9
Census Block;25;005;6408.00;3040;9
Census Block;25;005;6408.00;3041;9
Census Block;25;005;6408.00;3042;9
Census Block;25;005;6408.00;3043;9
Census Block;25;005;6408.00;3044;9
Census Block;25;005;6408.00;3045;9
Census Block;25;005;6408.00;3046;9
Census Block;25;005;6408.00;3047;9
Census Block;25;005;6408.00;3048;9
Census Block;25;005;6408.00;3049;9
Census Block;25;005;6408.00;3050;9
Census Block;25;005;6408.00;3051;9
Census Block;25;005;6408.00;3052;9
Census Block;25;005;6408.00;3053;9
Census Block;25;005;6408.00;3054;9
Census Block;25;005;6408.00;3055;9
Census Block;25;005;6408.00;3056;9
Census Block;25;005;6408.00;3057;9
Census Block;25;005;6408.00;3058;9
Census Block;25;005;6408.00;3059;9
Census Block;25;005;6408.00;3060;9
Census Block;25;005;6408.00;3061;9
Census Block;25;005;6408.00;3062;9
Census Block;25;005;6408.00;3063;9
Census Block;25;005;6408.00;3064;9
Census Block;25;005;6408.00;3065;9
Census Block;25;005;6409.01;1000;4
Census Block;25;005;6409.01;1001;4
Census Block;25;005;6409.01;1002;4
Census Block;25;005;6409.01;1003;4
Census Block;25;005;6409.01;1004;4
Census Block;25;005;6409.01;1005;4
Census Block;25;005;6409.01;1006;4
Census Block;25;005;6409.01;1007;4
Census Block;25;005;6409.01;2000;5
Census Block;25;005;6409.01;2001;5
Census Block;25;005;6409.01;2002;5
Census Block;25;005;6409.01;2003;5
Census Block;25;005;6409.01;2004;5
Census Block;25;005;6409.01;2005;5
Census Block;25;005;6409.01;2006;4,5
Census Block;25;005;6409.01;2007;4,5
Census Block;25;005;6409.01;2008;4,5
Census Block;25;005;6409.01;2009;4,5
Census Block;25;005;6409.01;3000;5
Census Block;25;005;6409.01;3001;5
Census Block;25;005;6409.01;3002;5
Census Block;25;005;6409.01;3003;5
Census Block;25;005;6409.01;3004;5
Census Block;25;005;6409.01;3005;5
Census Block;25;005;6409.01;3006;5
Census Block;25;005;6409.01;3007;5
Census Block;25;005;6409.01;3008;5
Census Block;25;005;6409.01;3009;5
Census Block;25;005;6409.01;3010;5
Census Block;25;005;6409.01;3011;5
Census Block;25;005;6409.01;4000;5
Census Block;25;005;6409.01;4001;5
Census Block;25;005;6409.01;4002;4,5
Census Block;25;005;6409.01;4003;4
Census Block;25;005;6409.01;4004;4
Census Block;25;005;6409.01;4005;4
Census Block;25;005;6409.01;4006;4
Census Block;25;005;6409.01;4007;4
Census Block;25;005;6409.01;4008;4
Census Block;25;005;6409.01;4009;4
Census Block;25;005;6409.01;4010;4,5
Census Block;25;005;6409.01;4011;4
Census Block;25;005;6409.01;5000;4
Census Block;25;005;6409.01;5001;4
Census Block;25;005;6409.01;5002;4
Census Block;25;005;6409.01;5003;4
Census Block;25;005;6409.01;5004;4
Census Block;25;005;6409.01;5005;4
Census Block;25;005;6410.00;1000;4
Census Block;25;005;6410.00;1001;4
Census Block;25;005;6410.00;1002;4,5
Census Block;25;005;6410.00;1003;4,5
Census Block;25;005;6410.00;1004;4,5
Census Block;25;005;6410.00;1005;5
Census Block;25;005;6410.00;1006;5
Census Block;25;005;6410.00;1007;5
Census Block;25;005;6410.00;1008;5
Census Block;25;005;6410.00;1009;5
Census Block;25;005;6410.00;1010;5
Census Block;25;005;6410.00;1011;5
Census Block;25;005;6410.00;1012;5
Census Block;25;005;6410.00;1013;5
Census Block;25;005;6410.00;1014;5
Census Block;25;005;6410.00;1015;5
Census Block;25;005;6410.00;1016;5
Census Block;25;005;6410.00;1017;5
Census Block;25;005;6410.00;1018;5
Census Block;25;005;6410.00;1019;4,5
Census Block;25;005;6410.00;1020;5
Census Block;25;005;6410.00;1021;4,5
Census Block;25;005;6410.00;1022;4,5
Census Block;25;005;6410.00;1023;4,5
Census Block;25;005;6410.00;1024;4,5
Census Block;25;005;6410.00;1025;4
Census Block;25;005;6410.00;1026;4
Census Block;25;005;6410.00;1027;5
Census Block;25;005;6410.00;1028;5
Census Block;25;005;6410.00;1029;4,5
Census Block;25;005;6410.00;1030;4,5
Census Block;25;005;6410.00;2000;4,5
Census Block;25;005;6410.00;2001;4,5
Census Block;25;005;6410.00;2002;4,5
Census Block;25;005;6410.00;2003;4
Census Block;25;005;6410.00;2004;4
Census Block;25;005;6410.00;2005;4,5
Census Block;25;005;6410.00;2006;5
Census Block;25;005;6410.00;2007;5
Census Block;25;005;6410.00;2008;5
Census Block;25;005;6410.00;2009;5
Census Block;25;005;6410.00;3000;4
Census Block;25;005;6410.00;3001;4
Census Block;25;005;6410.00;3002;4
Census Block;25;005;6410.00;3003;4
Census Block;25;005;6410.00;3004;4
Census Block;25;005;6410.00;3005;4
Census Block;25;005;6410.00;3006;4
Census Block;25;005;6410.00;3007;4
Census Block;25;005;6410.00;3008;4
Census Block;25;005;6410.00;3009;4
Census Block;25;005;6410.00;3010;4
Census Block;25;005;6410.00;3011;4
Census Block;25;005;6411.01;1000;5
Census Block;25;005;6411.01;1001;5
Census Block;25;005;6411.01;1002;5
Census Block;25;005;6411.01;1003;5
Census Block;25;005;6411.01;1004;5
Census Block;25;005;6411.01;1005;5
Census Block;25;005;6411.01;1006;5
Census Block;25;005;6411.01;1007;5
Census Block;25;005;6411.01;1008;5
Census Block;25;005;6411.01;1009;5
Census Block;25;005;6411.01;1010;5
Census Block;25;005;6411.01;1011;5
Census Block;25;005;6411.01;1012;5
Census Block;25;005;6411.01;1013;5
Census Block;25;005;6411.01;1014;5
Census Block;25;005;6411.01;1015;5
Census Block;25;005;6411.01;1016;5
Census Block;25;005;6411.01;1017;5
Census Block;25;005;6411.01;1018;5
Census Block;25;005;6411.01;1019;5
Census Block;25;005;6411.01;1020;5
Census Block;25;005;6411.01;1021;5
Census Block;25;005;6411.01;1022;5
Census Block;25;005;6411.01;1023;5
Census Block;25;005;6411.01;1024;5
Census Block;25;005;6411.01;1025;5
Census Block;25;005;6411.01;1026;5
Census Block;25;005;6411.01;1027;5
Census Block;25;005;6411.01;1028;5
Census Block;25;005;6411.01;1029;5
Census Block;25;005;6411.01;1030;5
Census Block;25;005;6411.01;1031;5
Census Block;25;005;6411.01;1032;5
Census Block;25;005;6411.01;1033;5
Census Block;25;005;6411.01;1034;5
Census Block;25;005;6411.01;1035;5
Census Block;25;005;6411.01;1036;5
Census Block;25;005;6411.01;1037;5
Census Block;25;005;6411.01;1038;5
Census Block;25;005;6411.01;1039;5
Census Block;25;005;6411.01;1040;5
Census Block;25;005;6411.01;1041;5
Census Block;25;005;6411.01;1042;5
Census Block;25;005;6411.01;1043;5
Census Block;25;005;6411.01;1044;5
Census Block;25;005;6411.01;1045;5
Census Block;25;005;6411.01;1046;5
Census Block;25;005;6411.01;1047;5
Census Block;25;005;6411.01;1048;5
Census Block;25;005;6411.01;2000;5
Census Block;25;005;6411.01;2001;5
Census Block;25;005;6411.01;2002;5
Census Block;25;005;6411.01;2003;5
Census Block;25;005;6411.01;2004;5
Census Block;25;005;6411.01;2005;5
Census Block;25;005;6411.01;2006;5
Census Block;25;005;6411.01;2007;5
Census Block;25;005;6411.01;2008;5
Census Block;25;005;6411.01;2009;5
Census Block;25;005;6412.00;1000;5
Census Block;25;005;6412.00;1001;5
Census Block;25;005;6412.00;1002;5
Census Block;25;005;6412.00;1003;5
Census Block;25;005;6412.00;1004;5
Census Block;25;005;6412.00;1005;5
Census Block;25;005;6412.00;1006;5
Census Block;25;005;6412.00;1007;5
Census Block;25;005;6412.00;1008;5
Census Block;25;005;6412.00;1009;5
Census Block;25;005;6412.00;1010;5
Census Block;25;005;6412.00;1011;5
Census Block;25;005;6412.00;2000;5
Census Block;25;005;6412.00;2001;5
Census Block;25;005;6412.00;2002;5
Census Block;25;005;6412.00;2003;5
Census Block;25;005;6412.00;2004;5
Census Block;25;005;6412.00;2005;5
Census Block;25;005;6412.00;2006;5
Census Block;25;005;6412.00;2007;5
Census Block;25;005;6412.00;2008;5
Census Block;25;005;6412.00;2009;5
Census Block;25;005;6412.00;2010;5
Census Block;25;005;6412.00;2011;5
Census Block;25;005;6412.00;2012;5
Census Block;25;005;6412.00;2013;5
Census Block;25;005;6412.00;2014;5
Census Block;25;005;6412.00;2015;5
Census Block;25;005;6412.00;2016;5
Census Block;25;005;6412.00;2017;5
Census Block;25;005;6412.00;2018;5
Census Block;25;005;6412.00;2019;5
Census Block;25;005;6412.00;2020;5
Census Block;25;005;6412.00;2021;5
Census Block;25;005;6412.00;2022;5
Census Block;25;005;6412.00;2023;5
Census Block;25;005;6412.00;2024;5
Census Block;25;005;6412.00;2025;5
Census Block;25;005;6412.00;2026;5
Census Block;25;005;6412.00;2027;5
Census Block;25;005;6412.00;2028;5
Census Block;25;005;6412.00;2029;5
Census Block;25;005;6412.00;2030;5
Census Block;25;005;6412.00;2031;5
Census Block;25;005;6412.00;2032;5
Census Block;25;005;6412.00;2033;5
Census Block;25;005;6412.00;2034;5
Census Block;25;005;6412.00;2035;5
Census Block;25;005;6412.00;2036;5
Census Block;25;005;6412.00;2037;5
Census Block;25;005;6412.00;2038;5
Census Block;25;005;6412.00;2039;5
Census Block;25;005;6412.00;2040;5
Census Block;25;005;6412.00;2041;5
Census Block;25;005;6412.00;2042;5
Census Block;25;005;6412.00;2043;5
Census Block;25;005;6412.00;2044;5
Census Block;25;005;6412.00;2045;5
Census Block;25;005;6412.00;2046;5
Census Block;25;005;6412.00;2047;5
Census Block;25;005;6412.00;2048;5
Census Block;25;005;6412.00;2049;5
Census Block;25;005;6412.00;2050;5
Census Block;25;005;6412.00;2051;5
Census Block;25;005;6412.00;2052;5
Census Block;25;005;6412.00;2053;5
Census Block;25;005;6412.00;2054;5
Census Block;25;005;6412.00;2055;5
Census Block;25;005;6412.00;2056;5
Census Block;25;005;6413.00;1000;5
Census Block;25;005;6413.00;1001;5
Census Block;25;005;6413.00;1002;5
Census Block;25;005;6413.00;1003;5
Census Block;25;005;6413.00;1004;5
Census Block;25;005;6413.00;1005;5
Census Block;25;005;6413.00;1006;5
Census Block;25;005;6413.00;1007;5
Census Block;25;005;6413.00;1008;5
Census Block;25;005;6413.00;1009;5
Census Block;25;005;6413.00;2000;5
Census Block;25;005;6413.00;2001;5
Census Block;25;005;6413.00;2002;5
Census Block;25;005;6413.00;2003;5
Census Block;25;005;6413.00;2004;5
Census Block;25;005;6413.00;2005;5
Census Block;25;005;6413.00;2006;5
Census Block;25;005;6413.00;2007;5
Census Block;25;005;6413.00;2008;5
Census Block;25;005;6413.00;2009;5
Census Block;25;005;6413.00;2010;5
Census Block;25;005;6413.00;2011;5
Census Block;25;005;6413.00;2012;5
Census Block;25;005;6413.00;2013;5
Census Block;25;005;6413.00;2014;5
Census Block;25;005;6413.00;2015;5
Census Block;25;005;6413.00;3000;5
Census Block;25;005;6413.00;3001;5
Census Block;25;005;6413.00;3002;5
Census Block;25;005;6413.00;3003;5
Census Block;25;005;6413.00;3004;5
Census Block;25;005;6413.00;3005;5
Census Block;25;005;6413.00;4000;5
Census Block;25;005;6413.00;4001;5
Census Block;25;005;6413.00;4002;5
Census Block;25;005;6413.00;4003;5
Census Block;25;005;6413.00;4004;5
Census Block;25;005;6413.00;4005;5
Census Block;25;005;6413.00;4006;5
Census Block;25;005;6413.00;4007;5
Census Block;25;005;6413.00;4008;5
Census Block;25;005;6413.00;4009;5
Census Block;25;005;6413.00;4010;5
Census Block;25;005;6413.00;4011;5
Census Block;25;005;6413.00;4012;5
Census Block;25;005;6413.00;4013;5
Census Block;25;005;6413.00;4014;5
Census Block;25;005;6413.00;5000;5
Census Block;25;005;6413.00;5001;5
Census Block;25;005;6413.00;5002;5
Census Block;25;005;6413.00;5003;5
Census Block;25;005;6413.00;5004;5
Census Block;25;005;6413.00;5005;5
Census Block;25;005;6413.00;5006;5
Census Block;25;005;6413.00;5007;5
Census Block;25;005;6413.00;5008;5
Census Block;25;005;6413.00;5009;5
Census Block;25;005;6413.00;5010;5
Census Block;25;005;6414.00;1000;5
Census Block;25;005;6414.00;1001;5
Census Block;25;005;6414.00;1002;5
Census Block;25;005;6414.00;1003;5
Census Block;25;005;6414.00;1004;5
Census Block;25;005;6414.00;1005;5
Census Block;25;005;6414.00;1006;5
Census Block;25;005;6414.00;2000;5
Census Block;25;005;6414.00;2001;5
Census Block;25;005;6414.00;2002;5
Census Block;25;005;6414.00;2003;5
Census Block;25;005;6414.00;2004;5
Census Block;25;005;6414.00;2005;5
Census Block;25;005;6414.00;2006;5
Census Block;25;005;6414.00;3000;5
Census Block;25;005;6414.00;3001;5
Census Block;25;005;6414.00;3002;5
Census Block;25;005;6414.00;3003;5,9
Census Block;25;005;6414.00;3004;5,9
Census Block;25;005;6414.00;3005;9
Census Block;25;005;6414.00;3006;5,9
Census Block;25;005;6414.00;3007;5,9
Census Block;25;005;6414.00;3008;5,9
Census Block;25;005;6414.00;3009;9
Census Block;25;005;6414.00;3010;5,9
Census Block;25;005;6414.00;3011;5
Census Block;25;005;6414.00;3012;5
Census Block;25;005;6414.00;3013;5
Census Block;25;005;6414.00;3014;5,9
Census Block;25;005;6414.00;3015;9
Census Block;25;005;6414.00;3016;9
Census Block;25;005;6414.00;3017;9
Census Block;25;005;6414.00;3018;9
Census Block;25;005;6414.00;3019;9
Census Block;25;005;6414.00;3020;9
Census Block;25;005;6414.00;3021;5
Census Block;25;005;6415.00;1000;5
Census Block;25;005;6415.00;1001;5
Census Block;25;005;6415.00;1002;5
Census Block;25;005;6415.00;1003;5
Census Block;25;005;6415.00;1004;5
Census Block;25;005;6415.00;1005;5
Census Block;25;005;6415.00;1006;5
Census Block;25;005;6415.00;1007;5
Census Block;25;005;6415.00;1008;5
Census Block;25;005;6415.00;1009;5
Census Block;25;005;6415.00;1010;5
Census Block;25;005;6415.00;2000;5,9
Census Block;25;005;6415.00;2001;5,9
Census Block;25;005;6415.00;2002;9
Census Block;25;005;6415.00;2003;5,9
Census Block;25;005;6415.00;2004;5,9
Census Block;25;005;6415.00;2005;9
Census Block;25;005;6415.00;2006;9
Census Block;25;005;6415.00;2007;9
Census Block;25;005;6415.00;2008;9
Census Block;25;005;6415.00;2009;9
Census Block;25;005;6415.00;2010;9
Census Block;25;005;6415.00;2011;9
Census Block;25;005;6415.00;2012;9
Census Block;25;005;6415.00;2013;9
Census Block;25;005;6415.00;2014;9
Census Block;25;005;6416.00;1000;5,9
Census Block;25;005;6416.00;1001;5,9
Census Block;25;005;6416.00;1002;5,9
Census Block;25;005;6416.00;1003;5
Census Block;25;005;6416.00;1004;5
Census Block;25;005;6416.00;1005;5
Census Block;25;005;6416.00;1006;5
Census Block;25;005;6416.00;1007;5
Census Block;25;005;6416.00;1008;5
Census Block;25;005;6416.00;1009;5
Census Block;25;005;6416.00;1010;5
Census Block;25;005;6416.00;1011;5
Census Block;25;005;6416.00;1012;5
Census Block;25;005;6416.00;1013;5
Census Block;25;005;6416.00;1014;5
Census Block;25;005;6416.00;1015;5
Census Block;25;005;6416.00;1016;5
Census Block;25;005;6416.00;1017;5
Census Block;25;005;6416.00;1018;5
Census Block;25;005;6416.00;2000;5
Census Block;25;005;6416.00;2001;5
Census Block;25;005;6416.00;2002;5
Census Block;25;005;6416.00;2003;5
Census Block;25;005;6416.00;2004;5,9
Census Block;25;005;6416.00;2005;9
Census Block;25;005;6416.00;2006;9
Census Block;25;005;6416.00;2007;5
Census Block;25;005;6416.00;2008;9
Census Block;25;005;6416.00;2009;5,9
Census Block;25;005;6416.00;2010;9
Census Block;25;005;6416.00;2011;5,9
Census Block;25;005;6416.00;2012;9
Census Block;25;005;6416.00;2013;9
Census Block;25;005;6416.00;2014;9
Census Block;25;005;6416.00;2015;9
Census Block;25;005;6416.00;2016;9
Census Block;25;005;6416.00;2017;9
Census Block;25;005;6416.00;2018;9
Census Block;25;005;6416.00;2019;5
Census Block;25;005;6416.00;2020;5,9
Census Block;25;005;6416.00;2021;5,9
Census Block;25;005;6416.00;2022;9
Census Block;25;005;6416.00;2023;9
Census Block;25;005;6416.00;2024;9
Census Block;25;005;6417.00;1000;5
Census Block;25;005;6417.00;1001;5
Census Block;25;005;6417.00;1002;5
Census Block;25;005;6417.00;1003;5
Census Block;25;005;6417.00;1004;5
Census Block;25;005;6417.00;1005;5
Census Block;25;005;6417.00;1006;5
Census Block;25;005;6417.00;1007;5
Census Block;25;005;6417.00;1008;5
Census Block;25;005;6417.00;1009;5
Census Block;25;005;6417.00;1010;5
Census Block;25;005;6417.00;1011;5
Census Block;25;005;6417.00;1012;5
Census Block;25;005;6417.00;1013;5
Census Block;25;005;6417.00;1014;5
Census Block;25;005;6417.00;1015;5
Census Block;25;005;6417.00;1016;5
Census Block;25;005;6417.00;1017;5
Census Block;25;005;6417.00;1018;5
Census Block;25;005;6417.00;1019;5
Census Block;25;005;6417.00;1020;5
Census Block;25;005;6417.00;1021;5
Census Block;25;005;6417.00;1022;5
Census Block;25;005;6417.00;1023;5
Census Block;25;005;6417.00;1024;5
Census Block;25;005;6417.00;1025;5
Census Block;25;005;6417.00;1026;5
Census Block;25;005;6417.00;1027;5
Census Block;25;005;6417.00;1028;5
Census Block;25;005;6417.00;2000;5
Census Block;25;005;6417.00;2001;5
Census Block;25;005;6417.00;2002;5
Census Block;25;005;6417.00;2003;5
Census Block;25;005;6417.00;2004;5
Census Block;25;005;6417.00;2005;5
Census Block;25;005;6417.00;2006;5
Census Block;25;005;6417.00;2007;5
Census Block;25;005;6417.00;2008;5
Census Block;25;005;6417.00;2009;5
Census Block;25;005;6417.00;2010;5
Census Block;25;005;6417.00;2011;5
Census Block;25;005;6417.00;2012;5
Census Block;25;005;6417.00;2013;5
Census Block;25;005;6417.00;2014;5
Census Block;25;005;6417.00;2015;5
Census Block;25;005;6417.00;2016;5
Census Block;25;005;6417.00;2017;5
Census Block;25;005;6417.00;2018;5
Census Block;25;005;6417.00;2019;5
Census Block;25;005;6417.00;2020;5
Census Block;25;005;6417.00;2021;5
Census Block;25;005;6417.00;2022;5
Census Block;25;005;6417.00;2023;5
Census Block;25;005;6417.00;2024;5
Census Block;25;005;6417.00;2025;5
Census Block;25;005;6417.00;2026;5
Census Block;25;005;6417.00;2027;5
Census Block;25;005;6417.00;2028;5
Census Block;25;005;6417.00;2029;5
Census Block;25;005;6417.00;2030;5
Census Block;25;005;6417.00;2031;5
Census Block;25;005;6417.00;2032;5
Census Block;25;005;6417.00;3000;5
Census Block;25;005;6417.00;3001;5
Census Block;25;005;6417.00;3002;5
Census Block;25;005;6417.00;3003;5
Census Block;25;005;6417.00;3004;5
Census Block;25;005;6417.00;3005;5
Census Block;25;005;6417.00;3006;5
Census Block;25;005;6417.00;3007;5
Census Block;25;005;6417.00;3008;5
Census Block;25;005;6417.00;3009;5
Census Block;25;005;6417.00;3010;5
Census Block;25;005;6417.00;3011;5
Census Block;25;005;6417.00;3012;5
Census Block;25;005;6417.00;3013;B1
Census Block;25;005;6417.00;3014;5
Census Block;25;005;6417.00;3015;5
Census Block;25;005;6417.00;3016;5
Census Block;25;005;6417.00;3017;5
Census Block;25;005;6417.00;3018;5
Census Block;25;005;6417.00;4000;5
Census Block;25;005;6417.00;4001;B1
Census Block;25;005;6417.00;4002;B1
Census Block;25;005;6417.00;4003;B1
Census Block;25;005;6417.00;4004;B1
Census Block;25;005;6417.00;4005;B1
Census Block;25;005;6417.00;4006;B1
Census Block;25;005;6417.00;4007;B1
Census Block;25;005;6417.00;4008;B1
Census Block;25;005;6417.00;4009;B1
Census Block;25;005;6417.00;4010;B1
Census Block;25;005;6417.00;4011;B1
Census Block;25;005;6417.00;4012;B1
Census Block;25;005;6417.00;4013;5
Census Block;25;005;6417.00;4014;5
Census Block;25;005;6417.00;4015;5
Census Block;25;005;6417.00;4016;B1
Census Block;25;005;6417.00;4017;5
Census Block;25;005;6417.00;4018;B1
Census Block;25;005;6417.00;4019;5
Census Block;25;005;6417.00;4020;B1
Census Block;25;005;6417.00;4021;5
Census Block;25;005;6417.00;4022;5
Census Block;25;005;6417.00;4023;5
Census Block;25;005;6417.00;4024;5
Census Block;25;005;6417.00;4025;5
Census Block;25;005;6417.00;4026;5
Census Block;25;005;6417.00;4027;5
Census Block;25;005;6417.00;4028;5
Census Block;25;005;6417.00;4029;5
Census Block;25;005;6417.00;4030;5
Census Block;25;005;6417.00;4031;5
Census Block;25;005;6417.00;4032;5
Census Block;25;005;6417.00;4033;5
Census Block;25;005;6417.00;4034;5
Census Block;25;005;6417.00;4035;5
Census Block;25;005;6417.00;4036;5
Census Block;25;005;6417.00;4037;5
Census Block;25;005;6417.00;4038;B1
Census Block;25;005;6417.00;4039;B1
Census Block;25;005;6417.00;4040;B1
Census Block;25;005;6417.00;4041;B1
Census Block;25;005;6417.00;4042;B1
Census Block;25;005;6417.00;4043;B1
Census Block;25;005;6417.00;4044;B1
Census Block;25;005;6417.00;4045;B1
Census Block;25;005;6417.00;4046;B1
Census Block;25;005;6417.00;4047;B1
Census Block;25;005;6417.00;4048;B1
Census Block;25;005;6417.00;4049;B1
Census Block;25;005;6417.00;4050;B1
Census Block;25;005;6417.00;4051;B1
Census Block;25;005;6417.00;4052;B1
Census Block;25;005;6417.00;4053;B1
Census Block;25;005;6417.00;4054;B1
Census Block;25;005;6417.00;4055;B1
Census Block;25;005;6417.00;4056;B1
Census Block;25;005;6417.00;4057;B1
Census Block;25;005;6417.00;4058;B1
Census Block;25;005;6417.00;4059;B1
Census Block;25;005;6417.00;4060;B1
Census Block;25;005;6417.00;4061;B1
Census Block;25;005;6417.00;4062;B1
Census Block;25;005;6417.00;4063;B1
Census Block;25;005;6417.00;4064;B1
Census Block;25;005;6417.00;4065;B1
Census Block;25;005;6417.00;4066;B1
Census Block;25;005;6417.00;4067;B1
Census Block;25;005;6417.00;4068;B1
Census Block;25;005;6417.00;4069;B1
Census Block;25;005;6417.00;4070;B1
Census Block;25;005;6417.00;4071;B1
Census Block;25;005;6417.00;4072;B1
Census Block;25;005;6417.00;4073;B1
Census Block;25;005;6417.00;4074;B1
Census Block;25;005;6417.00;4075;B1
Census Block;25;005;6417.00;4076;B1
Census Block;25;005;6417.00;4077;B1
Census Block;25;005;6417.00;4078;B1
Census Block;25;005;6417.00;4079;B1
Census Block;25;005;6417.00;4080;B1
Census Block;25;005;6417.00;4081;B1
Census Block;25;005;6417.00;4082;B1
Census Block;25;005;6417.00;4083;B1
Census Block;25;005;6417.00;4084;B1
Census Block;25;005;6417.00;4085;B1
Census Block;25;005;6417.00;4086;B1
Census Block;25;005;6417.00;4087;B1
Census Block;25;005;6417.00;4088;B1
Census Block;25;005;6417.00;4089;B1
Census Block;25;005;6417.00;4090;B1
Census Block;25;005;6417.00;4091;B1
Census Block;25;005;6417.00;4092;B1
Census Block;25;005;6417.00;4093;B1
Census Block;25;005;6417.00;4094;B1
Census Block;25;005;6417.00;4095;B1
Census Block;25;005;6417.00;4096;5
Census Block;25;005;6417.00;4097;5
Census Block;25;005;6417.00;4098;B1
Census Block;25;005;6417.00;4099;B1
Census Block;25;005;6417.00;4100;B1
Census Block;25;005;6417.00;4101;B1
Census Block;25;005;6417.00;4102;5
Census Block;25;005;6417.00;4103;5
Census Block;25;005;6418.00;1000;5
Census Block;25;005;6418.00;1001;5
Census Block;25;005;6418.00;1002;5
Census Block;25;005;6418.00;1003;5
Census Block;25;005;6418.00;1004;5
Census Block;25;005;6418.00;1005;5
Census Block;25;005;6418.00;1006;5
Census Block;25;005;6418.00;1007;5
Census Block;25;005;6418.00;1008;5
Census Block;25;005;6418.00;1009;5
Census Block;25;005;6418.00;1010;5
Census Block;25;005;6418.00;1011;5
Census Block;25;005;6418.00;2000;5
Census Block;25;005;6418.00;2001;5
Census Block;25;005;6418.00;2002;5
Census Block;25;005;6418.00;2003;5
Census Block;25;005;6418.00;2004;5
Census Block;25;005;6418.00;2005;5
Census Block;25;005;6418.00;2006;5
Census Block;25;005;6418.00;2007;5
Census Block;25;005;6418.00;2008;5
Census Block;25;005;6418.00;2009;5
Census Block;25;005;6418.00;2010;5
Census Block;25;005;6418.00;2011;5
Census Block;25;005;6418.00;2012;5
Census Block;25;005;6418.00;3000;5
Census Block;25;005;6418.00;3001;5
Census Block;25;005;6418.00;3002;5
Census Block;25;005;6418.00;3003;5
Census Block;25;005;6418.00;3004;5
Census Block;25;005;6418.00;3005;5
Census Block;25;005;6418.00;3006;5
Census Block;25;005;6418.00;3007;5
Census Block;25;005;6418.00;3008;5
Census Block;25;005;6418.00;3009;5
Census Block;25;005;6418.00;3010;5
Census Block;25;005;6419.00;1000;5
Census Block;25;005;6419.00;1001;5
Census Block;25;005;6419.00;1002;5
Census Block;25;005;6419.00;1003;5
Census Block;25;005;6419.00;1004;5
Census Block;25;005;6419.00;1005;5
Census Block;25;005;6419.00;1006;5
Census Block;25;005;6419.00;1007;5
Census Block;25;005;6419.00;1008;5
Census Block;25;005;6419.00;2000;5
Census Block;25;005;6419.00;2001;5
Census Block;25;005;6419.00;2002;5
Census Block;25;005;6419.00;2003;5
Census Block;25;005;6419.00;2004;5
Census Block;25;005;6419.00;2005;5
Census Block;25;005;6419.00;2006;5
Census Block;25;005;6419.00;2007;5
Census Block;25;005;6419.00;2008;5
Census Block;25;005;6419.00;2009;5
Census Block;25;005;6419.00;2010;5
Census Block;25;005;6419.00;2011;5
Census Block;25;005;6419.00;2012;5
Census Block;25;005;6419.00;2013;5
Census Block;25;005;6419.00;2014;5
Census Block;25;005;6419.00;2015;5
Census Block;25;005;6419.00;2016;5
Census Block;25;005;6419.00;2017;5
Census Block;25;005;6419.00;2018;5
Census Block;25;005;6419.00;2019;5
Census Block;25;005;6419.00;2020;5
Census Block;25;005;6419.00;2021;5
Census Block;25;005;6420.00;1000;A1
Census Block;25;005;6420.00;1001;A1
Census Block;25;005;6420.00;1002;A1
Census Block;25;005;6420.00;1003;A1
Census Block;25;005;6420.00;1004;A1
Census Block;25;005;6420.00;1005;A1
Census Block;25;005;6420.00;1006;A1
Census Block;25;005;6420.00;1007;5
Census Block;25;005;6420.00;1008;5
Census Block;25;005;6420.00;1009;5
Census Block;25;005;6420.00;1010;5
Census Block;25;005;6420.00;1011;5
Census Block;25;005;6420.00;1012;5
Census Block;25;005;6420.00;1013;5
Census Block;25;005;6420.00;1014;5
Census Block;25;005;6420.00;1015;5
Census Block;25;005;6420.00;1016;5
Census Block;25;005;6420.00;1017;5
Census Block;25;005;6420.00;1018;5
Census Block;25;005;6420.00;1019;5
Census Block;25;005;6420.00;1020;5
Census Block;25;005;6420.00;1021;5
Census Block;25;005;6420.00;1022;5
Census Block;25;005;6420.00;1023;5
Census Block;25;005;6420.00;1024;5
Census Block;25;005;6420.00;1025;5
Census Block;25;005;6420.00;1026;5
Census Block;25;005;6420.00;1027;5
Census Block;25;005;6420.00;1028;A1
Census Block;25;005;6420.00;1029;A1
Census Block;25;005;6420.00;1030;A1
Census Block;25;005;6420.00;1031;A1
Census Block;25;005;6420.00;1032;A1
Census Block;25;005;6420.00;1033;A1
Census Block;25;005;6420.00;1034;A1
Census Block;25;005;6420.00;1035;A1
Census Block;25;005;6420.00;1036;5
Census Block;25;005;6420.00;1037;5
Census Block;25;005;6420.00;2000;A1
Census Block;25;005;6420.00;2001;5
Census Block;25;005;6420.00;2002;5
Census Block;25;005;6420.00;2003;5
Census Block;25;005;6420.00;2004;5
Census Block;25;005;6420.00;2005;5
Census Block;25;005;6420.00;2006;5
Census Block;25;005;6420.00;2007;5
Census Block;25;005;6420.00;2008;5
Census Block;25;005;6420.00;2009;5
Census Block;25;005;6420.00;2010;5
Census Block;25;005;6420.00;2011;5
Census Block;25;005;6420.00;2012;5
Census Block;25;005;6420.00;2013;5
Census Block;25;005;6420.00;2014;5
Census Block;25;005;6420.00;2015;5
Census Block;25;005;6420.00;2016;5
Census Block;25;005;6420.00;2017;5
Census Block;25;005;6420.00;2018;4,5
Census Block;25;005;6420.00;2019;5
Census Block;25;005;6420.00;2020;5
Census Block;25;005;6420.00;2021;5
Census Block;25;005;6420.00;3000;5
Census Block;25;005;6420.00;3001;5
Census Block;25;005;6420.00;3002;5
Census Block;25;005;6420.00;3003;5
Census Block;25;005;6420.00;3004;5
Census Block;25;005;6420.00;3005;5
Census Block;25;005;6420.00;3006;5
Census Block;25;005;6420.00;3007;5
Census Block;25;005;6420.00;3008;5
Census Block;25;005;6420.00;3009;5
Census Block;25;005;6420.00;3010;4,5
Census Block;25;005;6420.00;3011;4,5
Census Block;25;005;6420.00;3012;4,5
Census Block;25;005;6420.00;3013;4
Census Block;25;005;6420.00;3014;4,5
Census Block;25;005;6420.00;3015;4,5
Census Block;25;005;6420.00;3016;5
Census Block;25;005;6420.00;3017;5
Census Block;25;005;6420.00;3018;5
Census Block;25;005;6420.00;3019;5
Census Block;25;005;6420.00;3020;5
Census Block;25;005;6420.00;3021;5
Census Block;25;005;6420.00;3022;5
Census Block;25;005;6420.00;3023;5
Census Block;25;005;6420.00;3024;5
Census Block;25;005;6420.00;3025;5
Census Block;25;005;6420.00;3026;5
Census Block;25;005;6420.00;3027;5
Census Block;25;005;6420.00;3028;5
Census Block;25;005;6420.00;3029;5
Census Block;25;005;6420.00;3030;5
Census Block;25;005;6420.00;3031;5
Census Block;25;005;6420.00;3032;5
Census Block;25;005;6420.00;3033;5
Census Block;25;005;6420.00;3034;5
Census Block;25;005;6420.00;3035;5
Census Block;25;005;6420.00;3036;5
Census Block;25;005;6420.00;3037;5
Census Block;25;005;6420.00;3038;5
Census Block;25;005;6420.00;3039;5
Census Block;25;005;6420.00;3040;5
Census Block;25;005;6420.00;3041;5
Census Block;25;005;6420.00;3042;5
Census Block;25;005;6420.00;3043;5
Census Block;25;005;6420.00;3044;5
Census Block;25;005;6420.00;3045;5
Census Block;25;005;6420.00;3046;5
Census Block;25;005;6420.00;3047;5
Census Block;25;005;6420.00;3048;5
Census Block;25;005;6421.00;1000;1
Census Block;25;005;6421.00;1001;1
Census Block;25;005;6421.00;1002;1
Census Block;25;005;6421.00;1003;1
Census Block;25;005;6421.00;1004;1
Census Block;25;005;6421.00;1005;1
Census Block;25;005;6421.00;1006;1
Census Block;25;005;6421.00;1007;1
Census Block;25;005;6421.00;1008;1
Census Block;25;005;6421.00;1009;1
Census Block;25;005;6421.00;1010;1
Census Block;25;005;6421.00;1011;1
Census Block;25;005;6421.00;1012;1
Census Block;25;005;6421.00;1013;1
Census Block;25;005;6421.00;1014;1
Census Block;25;005;6421.00;1015;1
Census Block;25;005;6421.00;1016;1
Census Block;25;005;6421.00;1017;1
Census Block;25;005;6421.00;1018;1
Census Block;25;005;6421.00;1019;1
Census Block;25;005;6421.00;1020;1
Census Block;25;005;6421.00;1021;1
Census Block;25;005;6421.00;1022;1,5
Census Block;25;005;6421.00;1023;1
Census Block;25;005;6421.00;1024;1,5
Census Block;25;005;6421.00;1025;1,5
Census Block;25;005;6421.00;1026;1
Census Block;25;005;6421.00;1027;1
Census Block;25;005;6421.00;1028;1
Census Block;25;005;6421.00;1029;1
Census Block;25;005;6421.00;1030;1
Census Block;25;005;6421.00;1031;1,5
Census Block;25;005;6421.00;1032;1,5
Census Block;25;005;6421.00;1033;1,5
Census Block;25;005;6421.00;1034;1,5
Census Block;25;005;6421.00;1035;1,5
Census Block;25;005;6421.00;1036;5
Census Block;25;005;6421.00;1037;5
Census Block;25;005;6421.00;1038;5
Census Block;25;005;6421.00;1039;5
Census Block;25;005;6421.00;1040;5
Census Block;25;005;6421.00;1041;5
Census Block;25;005;6421.00;1042;5
Census Block;25;005;6421.00;1043;5
Census Block;25;005;6421.00;1044;1
Census Block;25;005;6421.00;1045;1
Census Block;25;005;6421.00;2000;5
Census Block;25;005;6421.00;2001;5
Census Block;25;005;6421.00;2002;5
Census Block;25;005;6421.00;2003;5
Census Block;25;005;6421.00;2004;5
Census Block;25;005;6421.00;2005;5
Census Block;25;005;6421.00;2006;5
Census Block;25;005;6421.00;2007;5
Census Block;25;005;6421.00;2008;5
Census Block;25;005;6421.00;2009;5
Census Block;25;005;6421.00;2010;5
Census Block;25;005;6421.00;2011;5
Census Block;25;005;6421.00;2012;5
Census Block;25;005;6421.00;2013;5
Census Block;25;005;6421.00;2014;5
Census Block;25;005;6421.00;2015;5
Census Block;25;005;6421.00;2016;5
Census Block;25;005;6421.00;2017;5
Census Block;25;005;6421.00;2018;5
Census Block;25;005;6421.00;2019;5
Census Block;25;005;6421.00;2020;5
Census Block;25;005;6421.00;2021;5
Census Block;25;005;6421.00;3000;1
Census Block;25;005;6421.00;3001;1
Census Block;25;005;6421.00;3002;1
Census Block;25;005;6421.00;3003;1
Census Block;25;005;6421.00;3004;1
Census Block;25;005;6421.00;3005;1
Census Block;25;005;6421.00;3006;1
Census Block;25;005;6422.00;1000;1
Census Block;25;005;6422.00;1001;1
Census Block;25;005;6422.00;1002;1
Census Block;25;005;6422.00;1003;1
Census Block;25;005;6422.00;1004;1
Census Block;25;005;6422.00;1005;1
Census Block;25;005;6422.00;1006;1
Census Block;25;005;6422.00;1007;1
Census Block;25;005;6422.00;1008;1
Census Block;25;005;6422.00;1009;1
Census Block;25;005;6422.00;1010;1
Census Block;25;005;6422.00;1011;1
Census Block;25;005;6422.00;1012;1
Census Block;25;005;6422.00;2000;1
Census Block;25;005;6422.00;2001;1
Census Block;25;005;6422.00;2002;1
Census Block;25;005;6422.00;2003;1
Census Block;25;005;6422.00;2004;1
Census Block;25;005;6422.00;2005;1
Census Block;25;005;6422.00;2006;1,5
Census Block;25;005;6422.00;2007;5
Census Block;25;005;6422.00;2008;1
Census Block;25;005;6422.00;2009;1
Census Block;25;005;6422.00;2010;1
Census Block;25;005;6422.00;2011;1,5
Census Block;25;005;6422.00;2012;1,5
Census Block;25;005;6422.00;3000;5
Census Block;25;005;6422.00;3001;5
Census Block;25;005;6422.00;3002;5
Census Block;25;005;6422.00;3003;5
Census Block;25;005;6422.00;3004;5
Census Block;25;005;6422.00;3005;5
Census Block;25;005;6422.00;3006;5
Census Block;25;005;6422.00;3007;5
Census Block;25;005;6422.00;3008;5
Census Block;25;005;6422.00;3009;5
Census Block;25;005;6422.00;3010;5
Census Block;25;005;6422.00;3011;5
Census Block;25;005;6422.00;3012;5
Census Block;25;005;6422.00;4000;5
Census Block;25;005;6422.00;4001;5
Census Block;25;005;6422.00;4002;5
Census Block;25;005;6422.00;4003;5
Census Block;25;005;6422.00;4004;5
Census Block;25;005;6422.00;4005;5
Census Block;25;005;6422.00;4006;5
Census Block;25;005;6422.00;4007;5
Census Block;25;005;6422.00;4008;5
Census Block;25;005;6422.00;4009;5
Census Block;25;005;6422.00;4010;5
Census Block;25;005;6422.00;4011;5
Census Block;25;005;6423.00;1000;1,5
Census Block;25;005;6423.00;1001;5
Census Block;25;005;6423.00;1002;5
Census Block;25;005;6423.00;1003;5
Census Block;25;005;6423.00;1004;5
Census Block;25;005;6423.00;1005;5
Census Block;25;005;6423.00;1006;5
Census Block;25;005;6423.00;1007;5
Census Block;25;005;6423.00;1008;5
Census Block;25;005;6423.00;1009;5
Census Block;25;005;6423.00;1010;5
Census Block;25;005;6423.00;1011;5
Census Block;25;005;6423.00;1012;5
Census Block;25;005;6423.00;1013;5
Census Block;25;005;6423.00;1014;5
Census Block;25;005;6423.00;1015;5
Census Block;25;005;6423.00;1016;5
Census Block;25;005;6423.00;1017;5
Census Block;25;005;6423.00;1018;5
Census Block;25;005;6423.00;1019;5
Census Block;25;005;6423.00;1020;5
Census Block;25;005;6423.00;1021;5
Census Block;25;005;6423.00;1022;5
Census Block;25;005;6423.00;1023;5
Census Block;25;005;6423.00;1024;5
Census Block;25;005;6423.00;1025;5
Census Block;25;005;6423.00;1026;5
Census Block;25;005;6423.00;1027;5
Census Block;25;005;6423.00;1028;5
Census Block;25;005;6423.00;1029;5
Census Block;25;005;6423.00;1030;5
Census Block;25;005;6423.00;1031;5
Census Block;25;005;6423.00;1032;5
Census Block;25;005;6423.00;1033;5
Census Block;25;005;6423.00;1034;5
Census Block;25;005;6423.00;1035;5
Census Block;25;005;6423.00;1036;5
Census Block;25;005;6423.00;1037;5
Census Block;25;005;6423.00;1038;5
Census Block;25;005;6423.00;1039;5
Census Block;25;005;6423.00;1040;5
Census Block;25;005;6423.00;1041;5
Census Block;25;005;6423.00;1042;5
Census Block;25;005;6423.00;1043;5
Census Block;25;005;6423.00;1044;5
Census Block;25;005;6423.00;2000;5
Census Block;25;005;6423.00;2001;5
Census Block;25;005;6423.00;2002;5
Census Block;25;005;6423.00;2003;5
Census Block;25;005;6423.00;2004;5
Census Block;25;005;6423.00;2005;5
Census Block;25;005;6423.00;2006;5
Census Block;25;005;6423.00;2007;5
Census Block;25;005;6423.00;2008;5
Census Block;25;005;6423.00;2009;5
Census Block;25;005;6423.00;2010;5
Census Block;25;005;6423.00;2011;5
Census Block;25;005;6423.00;2012;5
Census Block;25;005;6423.00;2013;5
Census Block;25;005;6423.00;2014;5
Census Block;25;005;6423.00;2015;5
Census Block;25;005;6423.00;2016;5
Census Block;25;005;6423.00;2017;5
Census Block;25;005;6423.00;2018;5
Census Block;25;005;6423.00;2019;5
Census Block;25;005;6423.00;2020;5
Census Block;25;005;6423.00;2021;5
Census Block;25;005;6423.00;2022;5
Census Block;25;005;6423.00;2023;5
Census Block;25;005;6423.00;2024;5
Census Block;25;005;6423.00;2025;5
Census Block;25;005;6423.00;2026;5
Census Block;25;005;6423.00;2027;5
Census Block;25;005;6423.00;2028;5
Census Block;25;005;6423.00;2029;5
Census Block;25;005;6423.00;2030;5
Census Block;25;005;6423.00;2031;5
Census Block;25;005;6423.00;2032;5
Census Block;25;005;6423.00;2033;5
Census Block;25;005;6423.00;2034;5
Census Block;25;005;6423.00;2035;5
Census Block;25;005;6423.00;2036;5
Census Block;25;005;6423.00;2037;5
Census Block;25;005;6424.00;1000;5
Census Block;25;005;6424.00;1001;5
Census Block;25;005;6424.00;1002;5
Census Block;25;005;6424.00;1003;5
Census Block;25;005;6424.00;1004;5
Census Block;25;005;6424.00;1005;5
Census Block;25;005;6424.00;1006;5
Census Block;25;005;6424.00;1007;5
Census Block;25;005;6424.00;1008;5
Census Block;25;005;6424.00;1009;5
Census Block;25;005;6424.00;1010;5
Census Block;25;005;6424.00;1011;5
Census Block;25;005;6424.00;1012;5
Census Block;25;005;6424.00;1013;5
Census Block;25;005;6424.00;1014;5
Census Block;25;005;6424.00;1015;5
Census Block;25;005;6424.00;1016;5
Census Block;25;005;6424.00;2000;5
Census Block;25;005;6424.00;2001;5
Census Block;25;005;6424.00;2002;5
Census Block;25;005;6424.00;2003;5
Census Block;25;005;6424.00;2004;5
Census Block;25;005;6424.00;2005;5
Census Block;25;005;6424.00;2006;5
Census Block;25;005;6424.00;2007;5
Census Block;25;005;6424.00;2008;5
Census Block;25;005;6424.00;2009;5
Census Block;25;005;6424.00;2010;5
Census Block;25;005;6424.00;2011;5
Census Block;25;005;6424.00;2012;5
Census Block;25;005;6424.00;2013;5
Census Block;25;005;6424.00;2014;5
Census Block;25;005;6424.00;2015;5
Census Block;25;005;6424.00;2016;5
Census Block;25;005;6424.00;2017;5
Census Block;25;005;6424.00;2018;5
Census Block;25;005;6424.00;2019;5
Census Block;25;005;6424.00;3000;5
Census Block;25;005;6424.00;3001;5
Census Block;25;005;6424.00;3002;5
Census Block;25;005;6424.00;3003;5
Census Block;25;005;6424.00;3004;5
Census Block;25;005;6424.00;3005;5
Census Block;25;005;6424.00;3006;5
Census Block;25;005;6424.00;3007;5
Census Block;25;005;6424.00;3008;5
Census Block;25;005;6424.00;3009;5
Census Block;25;005;6424.00;3010;5
Census Block;25;005;6424.00;3011;5
Census Block;25;005;6424.00;3012;5
Census Block;25;005;6424.00;3013;5
Census Block;25;005;6424.00;3014;5
Census Block;25;005;6424.00;3015;5
Census Block;25;005;6425.00;1000;1,5
Census Block;25;005;6425.00;1001;1
Census Block;25;005;6425.00;1002;1
Census Block;25;005;6425.00;1003;5
Census Block;25;005;6425.00;1004;5
Census Block;25;005;6425.00;1005;5
Census Block;25;005;6425.00;1006;1,5
Census Block;25;005;6425.00;1007;1
Census Block;25;005;6425.00;1008;1
Census Block;25;005;6425.00;1009;5
Census Block;25;005;6425.00;1010;5
Census Block;25;005;6425.00;1011;1
Census Block;25;005;6425.00;1012;5
Census Block;25;005;6425.00;1013;1,5
Census Block;25;005;6425.00;1014;5
Census Block;25;005;6425.00;1015;1,5
Census Block;25;005;6425.00;1016;1
Census Block;25;005;6425.00;1017;5
Census Block;25;005;6425.00;1018;1
Census Block;25;005;6425.00;1019;5
Census Block;25;005;6425.00;1020;1
Census Block;25;005;6425.00;1021;1
Census Block;25;005;6425.00;1022;1
Census Block;25;005;6425.00;1023;1
Census Block;25;005;6425.00;1024;1
Census Block;25;005;6425.00;1025;1
Census Block;25;005;6425.00;1026;1
Census Block;25;005;6425.00;1027;1,5
Census Block;25;005;6425.00;1028;5
Census Block;25;005;6425.00;1029;5
Census Block;25;005;6425.00;1030;1
Census Block;25;005;6425.00;1031;1,5
Census Block;25;005;6425.00;1032;5
Census Block;25;005;6425.00;1033;5
Census Block;25;005;6425.00;1034;5
Census Block;25;005;6425.00;1035;1,5
Census Block;25;005;6425.00;1036;1,5
Census Block;25;005;6425.00;1037;5
Census Block;25;005;6425.00;1038;5
Census Block;25;005;6425.00;1039;5
Census Block;25;005;6425.00;1040;5
Census Block;25;005;6425.00;1041;5
Census Block;25;005;6425.00;1042;5
Census Block;25;005;6425.00;1043;1,5
Census Block;25;005;6425.00;1044;5
Census Block;25;005;6425.00;1045;5
Census Block;25;005;6425.00;1046;5
Census Block;25;005;6425.00;1047;5
Census Block;25;005;6425.00;1048;5
Census Block;25;005;6425.00;2000;3,7
Census Block;25;005;6425.00;2001;2,3,7
Census Block;25;005;6425.00;2002;2,3
Census Block;25;005;6425.00;2003;2
Census Block;25;005;6425.00;2004;2
Census Block;25;005;6425.00;2005;2
Census Block;25;005;6425.00;2006;1,2
Census Block;25;005;6425.00;2007;2
Census Block;25;005;6425.00;2008;2
Census Block;25;005;6425.00;2009;2
Census Block;25;005;6425.00;2010;2
Census Block;25;005;6425.00;2011;2
Census Block;25;005;6425.00;2012;1,2
Census Block;25;005;6425.00;2013;1,2
Census Block;25;005;6425.00;2014;1
Census Block;25;005;6425.00;2015;2
Census Block;25;005;6425.00;2016;1
Census Block;25;005;6425.00;2017;1,2
Census Block;25;005;6425.00;2018;1,2
Census Block;25;005;6425.00;2019;1
Census Block;25;005;6425.00;2020;1
Census Block;25;005;6425.00;2021;1
Census Block;25;005;6425.00;2022;1
Census Block;25;005;6425.00;2023;1
Census Block;25;005;6425.00;2024;1
Census Block;25;005;6425.00;2025;1
Census Block;25;005;6425.00;2026;1
Census Block;25;005;6425.00;2027;1
Census Block;25;005;6425.00;2028;1
Census Block;25;005;6425.00;2029;1
Census Block;25;005;6425.00;2030;1
Census Block;25;005;6425.00;2031;1
Census Block;25;005;6425.00;2032;1
Census Block;25;005;6425.00;2033;1
Census Block;25;005;6425.00;2034;1
Census Block;25;005;6425.00;2035;1
Census Block;25;005;6425.00;2036;1
Census Block;25;005;6425.00;2037;1
Census Block;25;005;6425.00;2038;1
Census Block;25;005;6425.00;2039;1
Census Block;25;005;6425.00;2040;1
Census Block;25;005;6425.00;2041;1
Census Block;25;005;6425.00;2042;1
Census Block;25;005;6425.00;2043;1
Census Block;25;005;6425.00;2044;2,6
Census Block;25;005;6425.00;2045;2
Census Block;25;005;6425.00;2046;2
Census Block;25;005;6425.00;2047;2
Census Block;25;005;6425.00;2048;2
Census Block;25;005;6425.00;2049;2
Census Block;25;005;6425.00;2050;2,3,6,7
Census Block;25;005;6425.00;2051;2
Census Block;25;005;6425.00;2052;6,7
Census Block;25;005;6425.00;2053;7
Census Block;25;005;6425.00;2054;7
Census Block;25;005;6425.00;2055;7
Census Block;25;005;6425.00;2056;7
Census Block;25;005;6425.00;2057;7
Census Block;25;005;6425.00;2058;2,6
Census Block;25;005;6425.00;2059;6
Census Block;25;005;6425.00;2060;2,6
Census Block;25;005;6425.00;2061;6
Census Block;25;005;6425.00;2062;6
Census Block;25;005;6425.00;2063;6
Census Block;25;005;6425.00;2064;6
Census Block;25;005;6425.00;2065;2,6
Census Block;25;005;6425.00;2066;2,6
Census Block;25;005;6425.00;2067;2,5,6
Census Block;25;005;6425.00;2068;5,6
Census Block;25;005;6425.00;2069;5
Census Block;25;005;6425.00;2070;5,6
Census Block;25;005;6425.00;2071;5,6
Census Block;25;005;6425.00;2072;5,6
Census Block;25;005;6425.00;2073;5,6
Census Block;25;005;6425.00;2074;6
Census Block;25;005;6425.00;2075;6
Census Block;25;005;6425.00;2076;6
Census Block;25;005;6425.00;2077;6
Census Block;25;005;6425.00;2078;6
Census Block;25;005;6425.00;2079;6,7
Census Block;25;005;6425.00;2080;6,7
Census Block;25;005;6425.00;2081;6
Census Block;25;005;6425.00;2082;6
Census Block;25;005;6425.00;2083;6
Census Block;25;005;6425.00;2084;1,5
Census Block;25;005;6425.00;2085;1
Census Block;25;005;6425.00;2086;1
Census Block;25;005;6425.00;2087;5
Census Block;25;005;6425.00;2088;5
Census Block;25;005;6425.00;2089;1,5
Census Block;25;005;6425.00;2090;5
Census Block;25;005;6425.00;2091;5
Census Block;25;005;6425.00;2092;5
Census Block;25;005;6425.00;2093;7
Census Block;25;005;6425.00;2094;1
Census Block;25;005;6425.00;2095;1
Census Block;25;005;6425.00;2096;1,2,5
Census Block;25;005;6425.00;2097;1
Census Block;25;005;6425.00;2098;1
Census Block;25;005;6425.00;2099;1,2,5,6
Census Block;25;005;6425.00;2100;5
Census Block;25;005;6425.00;2101;7
Census Block;25;005;6425.00;2102;1
Census Block;25;005;6425.00;2103;1
Census Block;25;005;6425.00;2104;1
